125424750
136.88853168911231251
112.26307009665644898
119.61133206754179525
47.22519662639675175
123.01891439122111649
55.45488655834047620
124.85749436497522424
121.66193938588037327
51.20222381838869552
138.42421545631708568
101.46784929524041274
130.37323428623744803
51.42939597330065027
135.61333865953986333
83.91804308777558674
60.33757340791474633
139.75090084100293097
117.56072474920324566
50.42378056755706695
52.52890920307451239
112.92338382693387189
84.56624096979102490
91.44501382052497718
107.42278871599910417
96.93652204526330252
120.09596599802064532
110.74556010184458898
100.85296999594538647
0
98.96554966769599559
99.40053117812256289
99.10061886063564884
99.38796335125108783
99.24160980010934452
99.16219994154499773
99.79489916510996750
99.37610715057248001
99.34642217223898797
99.08129058493132391
99.18659855387393520
99.42383693594094041
99.12837228215978769
98.96533363831596830
99.52036394596726154
98.94265055341642778
99.23561180791175218
99.26196739227121668
99.26715209739116119
99.06041198073528165
98.84931315364771365
99.59377581233400178
99.24989516221265262
99.47710723952577894
98.85659461451464836
99.00035581309644783
99.64840583025173260
99.47506131422109377
1
98.96554966769599559
99.40053117812256289
99.10061886063564884
99.38796335125108783
99.24160980010934452
99.16219994154499773
99.79489916510996750
99.37610715057248001
99.34642217223898797
99.08129058493132391
99.18659855387393520
99.42383693594094041
99.12837228215978769
98.96533363831596830
99.52036394596726154
98.94265055341642778
99.23561180791175218
99.26196739227121668
99.26715209739116119
99.06041198073528165
98.84931315364771365
99.59377581233400178
99.24989516221265262
99.47710723952577894
98.85659461451464836
99.00035581309644783
99.64840583025173260
99.47506131422109377
1
98.96554966769599559
99.40053117812256289
99.10061886063564884
99.38796335125108783
99.24160980010934452
99.16219994154499773
99.79489916510996750
99.37610715057248001
99.34642217223898797
99.08129058493132391
99.18659855387393520
99.42383693594094041
99.12837228215978769
98.96533363831596830
99.52036394596726154
98.94265055341642778
99.23561180791175218
99.26196739227121668
99.26715209739116119
99.06041198073528165
98.84931315364771365
99.59377581233400178
99.24989516221265262
99.47710723952577894
98.85659461451464836
99.00035581309644783
99.64840583025173260
99.47506131422109377
1
