90067921
112.34757328023528089
135.18916259701308036
128.68498156121486886
114.59353938725062960
127.21142257983549939
56.05876027586243282
129.12106381295765800
71.31878887606559658
119.70681755474494423
66.08580185515170058
102.38893676004293809
57.01358089242351213
139.10535223031138230
65.47870695566658128
63.70017541914683079
84.65777539996376788
110.77140671021057017
58.38168207436178392
52.84372249830748558
111.70627585120172398
71.90023187838936281
64.39847706409449302
131.06775778642401065
107.87844275257026538
73.25693221714482206
98.19627667956127937
80.42236215754653017
81.51399289230144518
0
92.63574660633527458
93.92345399698365327
94.85859728506785871
91.34049773755616286
96.07918552036196047
92.41968325791836492
97.58031674208120876
94.19909502262439105
96.39819004524895263
96.37895927601809376
90.38386123680253093
86.35141434610298461
93.03619909502300800
91.93778280542997550
91.53959276018093760
93.77714932126713165
94.35746606334858200
90.59954751131206763
92.44834087481106621
96.04072398190008641
94.89705882352961908
94.52036199094995084
98.85859728506781607
94.70022624434371039
92.55656108597312937
92.37895927601799428
91.39819004524885315
89.40424176249447896
0
92.63574660633527458
93.92345399698365327
94.85859728506785871
91.34049773755616286
96.07918552036196047
92.41968325791836492
97.58031674208120876
94.19909502262439105
96.39819004524895263
96.37895927601809376
90.38386123680253093
86.35141434610298461
93.03619909502300800
91.93778280542997550
91.53959276018093760
93.77714932126713165
94.35746606334858200
90.59954751131206763
92.44834087481106621
96.04072398190008641
94.89705882352961908
94.52036199094995084
98.85859728506781607
94.70022624434371039
92.55656108597312937
92.37895927601799428
91.39819004524885315
89.40424176249447896
0
92.63574660633527458
93.92345399698365327
94.85859728506785871
91.34049773755616286
96.07918552036196047
92.41968325791836492
97.58031674208120876
94.19909502262439105
96.39819004524895263
96.37895927601809376
90.38386123680253093
86.14762443438928585
93.03619909502300800
91.93778280542997550
91.53959276018093760
93.77714932126713165
94.35746606334858200
90.59954751131206763
92.44834087481106621
96.04072398190008641
94.89705882352961908
94.52036199094995084
98.85859728506781607
94.70022624434371039
92.55656108597312937
92.37895927601799428
91.39819004524885315
89.60803167420817772
1
