33102500
53.85659433659532169
87.88252450555049222
146.62412311202839987
63.05997437889867996
61.61273853420502178
129.58660412599414258
61.95360446169773638
57.63211778772227945
134.61004351506053922
106.67348093216169502
52.88888174583210855
112.11578099484199811
129.10996956636449795
65.88222871076634135
138.80153894550062432
115.53599504697233158
110.54144260091378271
92.70664398786266247
117.06122563778720291
88.31293995636757188
123.63878256067630446
66.30397807868105531
73.47082863893045612
82.56154960350318106
77.35612247348727522
111.22028576159844704
0
97.86789960369877406
97.81479524438570650
96.03328929986793128
94.72338177014530913
92.11228533685600439
93.28454425363280222
97.29749009247029790
93.35429326287976437
96.16169088507261620
88.69986789960378815
93.50858652575955432
92.46657859973582561
95.45680317040942953
95.30858652575960832
95.01479524438572355
93.20369881109637333
91.67027741083226999
95.47767503302523551
98.40739762219284614
94.79630118890351298
94.46472919418759773
94.11228533685600439
92.49247027741094485
95.31598414795243457
95.07899603698805890
96.87529722589165715
1
97.86789960369877406
97.81479524438570650
96.03328929986793128
94.72338177014530913
92.11228533685600439
93.28454425363280222
97.29749009247029790
93.35429326287976437
96.16169088507261620
88.69986789960378815
93.50858652575955432
92.46657859973582561
95.45680317040942953
95.30858652575960832
95.01479524438572355
93.20369881109637333
91.67027741083226999
95.47767503302523551
98.40739762219284614
94.79630118890351298
94.46472919418759773
94.11228533685600439
92.49247027741094485
95.31598414795243457
95.07899603698805890
96.87529722589165715
1
97.86789960369877406
97.81479524438570650
96.03328929986793128
94.72338177014530913
92.11228533685600439
93.28454425363280222
97.29749009247029790
93.35429326287976437
96.16169088507261620
88.69986789960378815
93.50858652575955432
92.46657859973582561
95.45680317040942953
95.30858652575960832
95.01479524438572355
93.20369881109637333
91.67027741083226999
95.47767503302523551
98.40739762219284614
94.79630118890351298
94.46472919418759773
94.11228533685600439
92.49247027741094485
95.31598414795243457
95.07899603698805890
96.87529722589165715
1
