849421  
.30412086607103106
95.02812619944364769
78.56957401858043966
80.90329286733808090
61.12794277267808241
94.69557126349569387
120.13894101207580434
140.09223716895354528
135.59982838509509406
145.16515851644047075
71.78136931725667580
69.54975066813219087
139.95221403802810300
66.34088725109043594
83.07073424812172391
66.93598555752363666
75.12733871666293339
128.75619786111334975
99.51178353761926587
79.59349316347285708
126.21827861308942431
125.93531520267755752
124.29296056286437988
82.68858778663766884
78.95172048006449472
85.38986735407462447
56.81639719959834878
97.65939420141788219
88.80293117038264938
0
96.32415138034018298
94.82509598391122552
95.46645133768059566
94.94149552075073473
95.75092936802977306
94.88890243159237059
93.36912669876278414
94.99756231336456835
94.05954049606930312
96.07252117740264907
97.57590346760926536
93.23200682552257490
96.10786763361569740
96.12858797001638322
95.56907794503014486
95.42604668169886395
94.28368578219277651
95.68547748186962565
94.60442440124322161
96.30781887988301548
92.85958924980195661
96.26217319763544822
97.49570357730523540
97.30696568956062720
98.23444451215813444
93.05094765067957496
95.70180998232680736
98.83716253275639474
96.63452983119024964
1
96.32415138034018298
94.82509598391122552
95.46645133768059566
94.94149552075073473
95.75092936802977306
94.88890243159237059
93.36912669876278414
94.99756231336456835
94.05954049606930312
96.07252117740264907
97.57590346760926536
93.23200682552257490
96.10786763361569740
96.12858797001638322
95.56907794503014486
95.42604668169886395
94.28368578219277651
95.68547748186962565
94.60442440124322161
96.30781887988301548
92.85958924980195661
96.26217319763544822
97.49570357730523540
97.30696568956062720
98.23444451215813444
93.05094765067957496
95.70180998232680736
98.83716253275639474
96.63452983119024964
1
96.32415138034018298
94.82509598391122552
95.46645133768059566
94.94149552075073473
95.75092936802977306
94.88890243159237059
93.36912669876278414
94.99756231336456835
94.05954049606930312
96.07252117740264907
97.57590346760926536
93.23200682552257490
96.10786763361569740
96.12858797001638322
95.56907794503014486
95.42604668169886395
94.28368578219277651
95.68547748186962565
94.60442440124322161
96.30781887988301548
92.85958924980195661
96.26217319763544822
97.49570357730523540
97.30696568956062720
98.23444451215813444
93.05094765067957496
95.70180998232680736
98.83716253275639474
96.63452983119024964
1
