364928265
122.16849047199676193
108.79885900479762029
120.76802441075919603
55.27780886288655893
78.64631441507538057
59.33462451800995296
116.34266505531010694
97.54410138715965672
131.39909268938444598
49.15431353439839768
57.72437204274084621
125.94748087610543053
61.26239156586733969
102.76041222253847707
51.78231361287456735
68.30724614516968529
129.08577223195561601
94.27540226042502525
131.84418008131623878
68.00107137874529428
57.20274095920297697
74.20394535038050776
125.02612162529123907
103.93975206358062735
88.17458654426459930
123.94033518510097736
100.35637331579867748
97.73120818886346228
0
90.61895734597179342
93.01137440758263608
94.20265402843585889
91.42350710900481658
96.22009478673000160
88.43412322274903659
95.01592417061613105
96.21744075829370502
95.39317535544982718
94.20758293838859743
75.44625592417121140
96.41137440758299704
90.43488151658762320
91.61895734597165131
92.60227488151663522
92.02123222748821263
93.19886255924166107
96.21327014217985152
92.40909952606628508
93.41289099526090922
90.82729857819907693
94.58862559241688928
93.23071090047410792
94.42274881516601681
92.59999999999971010
97.00075829383865766
95.20341232227467287
94.61251184834114270
1
90.61895734597179342
93.01137440758263608
94.20265402843585889
91.42350710900481658
96.22009478673000160
88.43412322274903659
95.01592417061613105
96.21744075829370502
95.39317535544982718
94.20758293838859743
75.44625592417121140
96.41137440758299704
90.43488151658762320
91.61895734597165131
92.60227488151663522
92.02123222748821263
93.19886255924166107
96.21327014217985152
92.40909952606628508
93.41289099526090922
90.82729857819907693
94.58862559241688928
93.23071090047410792
94.42274881516601681
92.59999999999971010
97.00075829383865766
95.20341232227467287
94.61251184834114270
1
90.61895734597179342
93.01137440758263608
94.20265402843585889
91.42350710900481658
96.22009478673000160
88.43412322274903659
95.01592417061613105
96.21744075829370502
95.39317535544982718
94.20758293838859743
75.44625592417121140
96.41137440758299704
90.43488151658762320
91.61895734597165131
92.60227488151663522
92.02123222748821263
93.19886255924166107
96.21327014217985152
92.40909952606628508
93.41289099526090922
90.82729857819907693
94.58862559241688928
93.23071090047410792
94.42274881516601681
92.59999999999971010
97.00075829383865766
95.20341232227467287
94.61251184834114270
1
