36573890
135.34927889869459250
124.06624685086867999
110.23089533980684962
75.74156608012937397
76.59425323488873971
103.63907814341797575
62.80770873268519239
100.34891154626571108
87.65047624154969697
55.61585242739158019
96.54770685636202643
136.28522506856512564
55.84553246907761093
59.90225620535699846
134.55688275487779038
66.81275445958522141
103.59314213508078240
103.37781709600014324
47.56843796681754810
80.04519586122123087
124.50263893007212346
119.22286897181464838
112.16882069153267310
105.67748851338143368
73.74334971746097267
115.35563126992624916
72.74998353716891586
0
92.18332508659044322
92.87555665512113023
95.29614052449255723
93.82211776348341914
91.69198416625413017
92.72835230084102420
94.17392380009886210
97.69594260267201946
94.66922315685322076
95.33077684314703504
91.97792891774497548
96.02300841167769363
92.17194458188994588
78.18332508659044322
93.98243443839655242
94.58114794656108870
96.11083621969325463
96.37283523008424879
95.71301335972265178
93.22296173044927059
96.60415635823851233
95.73231073725895612
96.04601682335511725
95.82409698169239221
96.57941613062868669
95.90623453735776138
94.50098960910467838
0
92.18332508659044322
92.87555665512113023
95.29614052449255723
93.82211776348341914
91.69198416625413017
92.72835230084102420
94.17392380009886210
97.69594260267201946
94.66922315685322076
95.33077684314703504
92.07257133432294438
96.02300841167769363
92.17194458188994588
78.18332508659044322
92.43575787563896995
94.58114794656108870
96.11083621969325463
96.37283523008424879
95.71301335972265178
94.67499587662886995
96.60415635823851233
95.73231073725895612
96.04601682335511725
95.82409698169239221
96.57941613062868669
95.90623453735776138
94.50098960910467838
1
92.18332508659044322
92.87555665512113023
95.29614052449255723
93.82211776348341914
91.69198416625413017
92.72835230084102420
94.17392380009886210
97.69594260267201946
94.66922315685322076
95.33077684314703504
92.07257133432294438
96.02300841167769363
92.17194458188994588
78.18332508659044322
92.43575787563896995
94.58114794656108870
96.11083621969325463
96.37283523008424879
95.71301335972265178
94.67499587662886995
96.60415635823851233
95.73231073725895612
96.04601682335511725
95.82409698169239221
96.57941613062868669
95.90623453735776138
94.50098960910467838
1
