748765
51.40976846833462588
75.77139811152802906
70.42160851969615010
77.25985928915820011
118.00323253392002698
42.62640241237723870
51.95023883768770645
98.14744944592159470
92.52886977735262519
111.99447372170043025
119.70267947070942682
102.62150362644877077
43.57439322065431497
117.76912504772964496
132.22309465807612128
114.07542915450373755
109.47998590706306743
108.50020272411816791
115.74886414838309179
59.01681666158234663
68.86667237685144016
132.41673912196196738
115.97141077105790430
128.93980941965310194
113.63900655679083229
108.47708099708702889
75.86388501965262776
0
93.88362654751976777
98.23959787768744434
91.61221260355607399
96.15554314437297023
94.90738155077728777
97.97728753607003682
93.61342269384698511
97.95578516243114109
94.51224052871639003
94.03444103136946808
94.16848180210381258
95.36578236991510948
92.83082937726874206
98.29535511495848255
95.14558317043646696
94.81038815973192868
94.63352880945741674
93.33869496416259892
96.46225449129656226
92.60521269663958321
93.31825374662578554
95.26110025132632586
95.96872382016195502
92.08215582239630237
93.82751559154802123
93.10993204877590301
92.88466908684748091
1
93.88362654751976777
98.23959787768744434
91.61221260355607399
96.15554314437297023
94.90738155077728777
97.97728753607003682
93.61342269384698511
97.95578516243114109
94.51224052871639003
94.03444103136946808
94.16848180210381258
95.36578236991510948
92.83082937726874206
98.29535511495848255
95.14558317043646696
94.81038815973192868
94.63352880945741674
93.33869496416259892
96.46225449129656226
92.60521269663958321
93.31825374662578554
95.26110025132632586
95.96872382016195502
92.08215582239630237
93.82751559154802123
93.10993204877590301
92.88466908684748091
1
93.88362654751976777
98.23959787768744434
91.61221260355607399
96.15554314437297023
94.90738155077728777
97.97728753607003682
93.61342269384698511
97.95578516243114109
94.51224052871639003
94.03444103136946808
94.16848180210381258
95.36578236991510948
92.83082937726874206
98.29535511495848255
95.14558317043646696
94.81038815973192868
94.63352880945741674
93.33869496416259892
96.46225449129656226
92.60521269663958321
93.31825374662578554
95.26110025132632586
95.96872382016195502
92.08215582239630237
93.82751559154802123
93.10993204877590301
92.88466908684748091
1
