29692765
98.77880947294532632
85.96742912076173582
99.57135990478225551
57.02263710440382738
70.31683553575243195
85.43602557451094981
92.48699148533586367
107.63654744102298366
118.99947355571153196
64.06752983184301797
91.36345255897703055
76.76655629139072801
108.51715903195288604
126.69116031373026487
146.75695822016052716
60.97627948850978186
148.78540147099215574
88.00801873836482514
132.45764793847467899
146.84501937925352877
109.94739371929075844
97.23622089297158766
73.12264625995666734
87.28834650715658938
108.29548783837397252
138.06623279519027392
64.75379955442976154
99.83857997375409354
0
99.59343196228256545
99.24246463989594247
99.59328564461064559
99.43698585595838324
99.61550967322385475
99.39357827995449668
99.48182409364329715
99.40230856771258061
99.43358803446592731
99.74851243700206282
99.75742155747032314
99.65737278491302220
99.05381238822951673
99.61482685742154786
99.69666720858397468
99.29001788327101963
98.98257193952207444
99.67304503332795207
99.51817590635668864
99.63475857584133166
99.71198179157859443
99.52958868476670773
99.43072671110387262
99.64917899528529688
99.47315883596162678
99.42349211510325802
99.62137863761988399
99.34033490489353824
0
99.59343196228256545
99.24246463989594247
99.59328564461064559
99.43698585595838324
99.61550967322385475
99.39357827995449668
99.48182409364329715
99.40230856771258061
99.43358803446592731
99.74851243700206282
99.75742155747032314
99.65737278491302220
99.18362054950411277
99.61482685742154786
99.69666720858397468
99.29001788327101963
98.98257193952207444
99.67304503332795207
99.51817590635668864
99.63475857584133166
99.71198179157859443
99.52958868476670773
99.30091854982927657
99.64917899528529688
99.47315883596162678
99.42349211510325802
99.62137863761988399
99.34033490489353824
1
99.59343196228256545
99.24246463989594247
99.59328564461064559
99.43698585595838324
99.61550967322385475
99.39357827995449668
99.48182409364329715
99.40230856771258061
99.43358803446592731
99.74851243700206282
99.75742155747032314
99.65737278491302220
99.18362054950411277
99.61482685742154786
99.69666720858397468
99.29001788327101963
98.98257193952207444
99.67304503332795207
99.51817590635668864
99.63475857584133166
99.71198179157859443
99.52958868476670773
99.30091854982927657
99.64917899528529688
99.47315883596162678
99.42349211510325802
99.62137863761988399
99.34033490489353824
1
