63633187
103.93442597969962549
128.07069451545544325
58.96631104021104619
103.21467971284803866
107.50693174148116782
119.29969749835716186
87.06846892489402023
86.07189717079182856
121.73576178616254140
77.25136296123818624
66.76987582818087219
65.04772990223234785
84.62657673209390907
94.70302446801612462
142.56178028490052156
104.65125829405383229
75.15623111562567260
119.77467175542926725
58.16788805593034084
61.05852893332617271
64.03076048064852444
142.66376862230865186
88.28067316380197838
140.79301111899403054
111.48156294790045706
91.64046039327516269
73.47196657214301752
0
94.19773121159587959
96.16779580904363911
95.37466519615573191
95.14652591775652013
92.53064439892906989
96.54246100519912943
94.90467937608315196
95.18496927682363662
95.86592090751528872
96.86592090751523187
95.06349456436063861
97.70647550023626593
95.71104458799449333
94.12494091696879650
94.74933039231110854
95.00000000000015632
95.00000000000018474
94.79234283913639558
96.35749172837567755
97.67669765243435620
96.34472979360343459
95.65511265164661836
96.82306601544043190
94.82306601544038926
94.99543091224199998
93.41720497872974249
96.97825744446201668
1
94.19773121159587959
96.16779580904363911
95.37466519615573191
95.14652591775652013
92.53064439892906989
96.54246100519912943
94.90467937608315196
95.18496927682363662
95.86592090751528872
96.86592090751523187
95.06349456436063861
97.70647550023626593
95.71104458799449333
94.12494091696879650
94.74933039231110854
95.00000000000015632
95.00000000000018474
94.79234283913639558
96.35749172837567755
97.67669765243435620
96.34472979360343459
95.65511265164661836
96.82306601544043190
94.82306601544038926
94.99543091224199998
93.41720497872974249
96.97825744446201668
1
94.19773121159587959
96.16779580904363911
95.37466519615573191
95.14652591775652013
92.53064439892906989
96.54246100519912943
94.90467937608315196
95.18496927682363662
95.86592090751528872
96.86592090751523187
95.06349456436063861
97.70647550023626593
95.71104458799449333
94.12494091696879650
94.74933039231110854
95.00000000000015632
95.00000000000018474
94.79234283913639558
96.35749172837567755
97.67669765243435620
96.34472979360343459
95.65511265164661836
96.82306601544043190
94.82306601544038926
94.99543091224199998
93.41720497872974249
96.97825744446201668
1
