775078  
67.79968913214830195
107.77789891638245479
74.20003093945443595
140.52731143507503475
105.78003521204576032
73.30577757478876322
51.94837531031536315
50.07014416312458849
99.40960154402610272
135.66723880102247790
144.92679872411582664
53.57537808749972896
87.81122512873022856
85.08659363973215761
132.64651673308827640
78.87168229600217728
87.32671327228929670
130.03852698730744919
136.24446588925150081
119.96546567562192820
72.71957804477382581
132.84989208023631591
81.82062482964883543
144.22395745088360286
71.88813177260973930
72.85117385763432196
87.33867652800388726
70.93406212937112798
144.39443384481651833
0
98.68372093023255331
98.10232558139534831
98.11782945736432282
97.56744186046508105
99.43720930232558430
97.11937984496123022
97.68372093023259595
97.02170542635660411
98.26666666666672256
98.24961240310076960
97.73023255813959054
98.03100775193797745
97.10542635658919153
97.69922480620152783
97.57209302325576061
98.68372093023253910
97.73178294573639846
97.53953488372093261
98.91782945736436261
97.80155038759684771
98.55193798449612075
98.97054263565892995
97.23565891472865985
99.34883720930230311
97.56899224806204529
98.77054263565891290
96.38604651162789594
98.95348837209300541
97.15193798449614349
1
98.68372093023255331
98.10232558139534831
98.11782945736432282
97.56744186046508105
99.43720930232558430
97.11937984496123022
97.68372093023259595
97.02170542635660411
98.26666666666672256
98.24961240310076960
97.73023255813959054
98.03100775193797745
97.10542635658919153
97.69922480620152783
97.57209302325576061
98.68372093023253910
97.73178294573639846
97.53953488372093261
98.91782945736436261
97.80155038759684771
98.55193798449612075
98.97054263565892995
97.23565891472865985
99.34883720930230311
97.56899224806204529
98.77054263565891290
96.38604651162789594
98.95348837209300541
97.15193798449614349
1
98.68372093023255331
98.10232558139534831
98.11782945736432282
97.56744186046508105
99.43720930232558430
97.11937984496123022
97.68372093023259595
97.02170542635660411
98.26666666666672256
98.24961240310076960
97.73023255813959054
98.03100775193797745
97.10542635658919153
97.69922480620152783
97.57209302325576061
98.68372093023253910
97.73178294573639846
97.53953488372093261
98.91782945736436261
97.80155038759684771
98.55193798449612075
98.97054263565892995
97.23565891472865985
99.34883720930230311
97.56899224806204529
98.77054263565891290
96.38604651162789594
98.95348837209300541
97.15193798449614349
1
