204159125
100.97058004008513876
63.86526938345760129
86.46009039239950766
127.67247741941713457
100.16804787575604507
123.47983695797728387
75.30430321104546465
90.30752400374194622
94.86307423066885747
127.71673470789114901
125.77826547272859159
148.33473016499303299
125.75761207144071818
110.65997572999964405
102.06521030834284147
84.77536294448806586
58.29770249342450938
77.03918891922747036
75.00335364942205274
60.49286400173644296
78.38756097473627449
122.33504842944900304
70.50976362635877592
75.76457901117538540
96.13768413872094243
58.35081123959334803
141.50435531050089821
104.99799329122194536
0
98.23928571428574230
95.30714285714253720
97.10357142857134249
98.59642857142857508
99.53928571428555472
96.27142857142864329
97.81785714285706490
95.87500000000007105
96.62857142857144765
95.66785714285713027
95.27142857142864329
96.02500000000003411
97.59642857142856087
95.20000000000005969
95.62857142857144765
96.87857142857187398
97.17499999999991189
96.99999999999984368
97.45357142857143629
95.27142857142858645
97.35000000000000853
96.49285714285711890
97.23928571428569967
96.99285714285707627
96.31071428571424065
95.71428571428559451
94.95357142857142208
97.40000000000017621
0
98.23928571428574230
95.30238095238097173
97.10357142857134249
98.59642857142857508
99.53928571428555472
96.27142857142864329
97.81785714285706490
95.87500000000007105
96.62857142857144765
95.66785714285713027
95.27142857142864329
95.86666666666674530
97.59642857142856087
95.20000000000005969
95.62857142857144765
96.88333333333343944
97.17499999999991189
96.99999999999984368
97.45357142857143629
95.27142857142858645
97.35000000000000853
96.49285714285711890
97.23928571428569967
96.99285714285707627
96.31071428571424065
96.03095238095215791
94.95357142857142208
97.24166666666688741
1
98.23928571428574230
95.30238095238097173
97.10357142857134249
98.59642857142857508
99.53928571428555472
96.27142857142864329
97.81785714285706490
95.87500000000007105
96.62857142857144765
95.66785714285713027
95.27142857142864329
95.86666666666674530
97.59642857142856087
95.20000000000005969
95.62857142857144765
96.88333333333343944
97.17499999999991189
96.99999999999984368
97.45357142857143629
95.27142857142858645
97.35000000000000853
96.49285714285711890
97.23928571428569967
96.99285714285707627
96.31071428571424065
96.03095238095215791
94.95357142857142208
97.24166666666688741
1
