28269843
129.28370281797805319
94.14418040917556141
76.96724817669964125
113.85433673437141522
68.68946048692733086
89.86040287502417812
73.87540037485398159
131.39870595199417380
109.99774203661029048
111.04329443336969518
56.24439967292826026
71.19878623914991067
66.44301648017570017
59.37806957064429980
92.32491923881420348
66.00089718097457592
142.45168843202219477
107.61089527943667576
95.62289022744958800
107.87975161003195979
136.24708178039566064
118.35917391812334643
112.39355067147043599
127.88266260632045146
94.15314228686207798
91.69460050819638752
0
98.66234873018582618
97.38465144025892073
97.02820862450992934
98.15195159365960365
96.29222771433445871
97.33211181182869609
99.19537242202139282
97.35550536901303076
97.17014658258062809
99.56809272200440830
97.91690813021979523
99.07329129026766168
97.30743991818646066
98.82951252769738915
97.73564002045331733
97.00021305607643285
95.50839440940855241
98.44954832111820053
97.00409067666616636
99.25826657576274670
96.70483211181168315
98.98478779614801226
98.41392534515070167
98.57009544912239107
97.27961479461403371
98.82282256689968847
0
98.66234873018582618
97.64771177773985755
97.02820862450992934
98.15195159365960365
96.29222771433445871
97.33211181182869609
99.19537242202139282
97.35550536901303076
97.17014658258062809
99.56809272200440830
97.91690813021979523
99.07329129026766168
97.30743991818646066
98.82951252769738915
97.73564002045331733
97.00021305607643285
95.50839440940855241
98.44954832111820053
97.00409067666616636
99.25826657576274670
96.70483211181168315
98.98478779614801226
98.41392534515070167
98.30703511164145425
97.27961479461403371
98.82282256689968847
1
98.66234873018582618
97.64771177773985755
97.02820862450992934
98.15195159365960365
96.29222771433445871
97.33211181182869609
99.19537242202139282
97.35550536901303076
97.17014658258062809
99.56809272200440830
97.91690813021979523
99.07329129026766168
97.30743991818646066
98.82951252769738915
97.73564002045331733
97.00021305607643285
95.50839440940855241
98.44954832111820053
97.00409067666616636
99.25826657576274670
96.70483211181168315
98.98478779614801226
98.41392534515070167
98.30703511164145425
97.27961479461403371
98.82282256689968847
1
