166324390
78.55640256529872545
54.90689347732258341
125.67475879478045897
113.36967288517631403
126.52071552825361778
74.07713335280705280
100.40502748845747760
125.68336174461239807
86.45104286106668212
126.76733342343560196
93.66318247016816656
127.43549586038217569
51.64350784107704584
104.94164969982867319
55.01873182513767091
124.97791985839413087
108.97356552105996741
40.92423235049201224
89.25560450627591536
91.41207726414643275
87.58089693899350436
121.39048977847924959
97.22193605064330768
116.11401388156203041
108.64091812755866329
83.44287806983508915
48.93357864401903612
67.01697919073633614
0
94.12129471890968091
92.33571834185124771
92.49199318568983585
92.33571834185124771
96.87189097103910740
92.78886996024995426
92.82623509369683745
94.35320840431563738
96.60261215218621089
91.05190232822248220
95.94514480408851398
94.39443498012494160
99.56138557637700615
91.50800681430995098
92.84372515616129817
92.84224872231699521
93.34877910278257218
92.72867688813195741
94.33276547416251390
90.28086314593979012
96.39591141396930141
94.73992049971593588
93.09460533787610359
95.99852356615554072
95.21294718909716437
94.68654173764903703
91.80488358887001255
95.50119250425890982
1
94.12129471890968091
92.33571834185124771
92.49199318568983585
92.33571834185124771
96.87189097103910740
92.78886996024995426
92.82623509369683745
94.35320840431563738
96.60261215218621089
91.05190232822248220
95.94514480408851398
94.39443498012494160
99.56138557637700615
91.50800681430995098
92.84372515616129817
92.84224872231699521
93.34877910278257218
92.72867688813195741
94.33276547416251390
90.28086314593979012
96.39591141396930141
94.73992049971593588
93.09460533787610359
95.99852356615554072
95.21294718909716437
94.68654173764903703
91.80488358887001255
95.50119250425890982
1
94.12129471890968091
92.33571834185124771
92.49199318568983585
92.33571834185124771
96.87189097103910740
92.78886996024995426
92.82623509369683745
94.35320840431563738
96.60261215218621089
91.05190232822248220
95.94514480408851398
94.39443498012494160
99.56138557637700615
91.50800681430995098
92.84372515616129817
92.84224872231699521
93.34877910278257218
92.72867688813195741
94.33276547416251390
90.28086314593979012
96.39591141396930141
94.73992049971593588
93.09460533787610359
95.99852356615554072
95.21294718909716437
94.68654173764903703
91.80488358887001255
95.50119250425890982
1
