6222546
46.98167586679370089
100.78538712801845634
92.51508153250236433
75.38456860054706965
100.61308909477854456
128.79403859927370490
87.13587852863913952
120.40984108348040138
136.96797410840136422
70.80260903862448174
134.25793046693283372
89.17425187103683015
41.77769120181852713
115.83080182720593143
80.27608056117186663
111.14955187324677865
85.68448662151644157
106.35148969336228220
109.26595473020023519
69.08838962316971788
128.93421327038413438
70.10465598872040971
116.34769592692569518
103.28224845717321045
130.09065430704529831
93.51090575851614517
99.50337294848755221
70.13969965649802418
59.83978163552864515
0
96.93509114994017750
98.06074560020184094
97.89530898462953701
94.95580226665826729
97.08297062595920579
93.01787253726951121
95.01774637818307667
95.99993692045659088
95.64507243634213296
96.58256060892779260
93.99772913644099503
94.09932925418968352
96.95573918711497186
95.60150549843351087
95.31091906894590693
95.60150549843353929
96.62158581971874582
95.55812779915488875
94.80918438150523286
96.03965600622376542
93.24966883239741833
97.70827813873280832
97.33245021972695099
91.57820812044015213
96.33226098109707891
94.62240585378167168
97.62246893332502395
96.72709686915199256
94.03877289261760097
1
96.93509114994017750
98.06074560020184094
97.89530898462953701
94.95580226665826729
97.08297062595920579
93.01787253726951121
95.01774637818307667
95.99993692045659088
95.64507243634213296
96.58256060892779260
93.99772913644099503
94.09932925418968352
96.95573918711497186
95.60150549843351087
95.31091906894590693
95.60150549843353929
96.62158581971874582
95.55812779915488875
94.80918438150523286
96.03965600622376542
93.24966883239741833
97.70827813873280832
97.33245021972695099
91.57820812044015213
96.33226098109707891
94.62240585378167168
97.62246893332502395
96.72709686915199256
94.03877289261760097
1
96.93509114994017750
98.06074560020184094
97.89530898462953701
94.95580226665826729
97.08297062595920579
93.01787253726951121
95.01774637818307667
95.99993692045659088
95.64507243634213296
96.58256060892779260
93.99772913644099503
94.09932925418968352
96.95573918711497186
95.60150549843351087
95.31091906894590693
95.60150549843353929
96.62158581971874582
95.55812779915488875
94.80918438150523286
96.03965600622376542
93.24966883239741833
97.70827813873280832
97.33245021972695099
91.57820812044015213
96.33226098109707891
94.62240585378167168
97.62246893332502395
96.72709686915199256
94.03877289261760097
1
