37670578
143.01173852030015610
65.95993687183111831
77.36202997206564191
129.54208213524105986
83.44883869848129621
130.60025980461293216
91.51477511199300352
64.95665026311831980
136.11681140084834851
118.91151338760332123
118.75293921236604433
112.31543759840640462
89.47160785412803818
123.40648135490624782
58.99792067824046882
89.44721182716845931
88.62079641391262896
63.62096778708121292
138.26061226992158026
113.86153580696991128
142.34694678565153936
78.37446509088827895
94.13429850677809441
61.01364240577591858
111.99219024119194899
71.95831000051828141
0
99.80824218590012720
99.87182008111103926
99.94592601695951828
99.93949449018877829
99.95385277129177837
99.93414853959288280
99.92806521650095419
99.90786940313797970
99.95690467412248381
99.97142681577972212
99.87026340584162654
99.97329072958902429
99.91585760517818926
99.91720945475402971
99.90496087829255600
99.91686125107544569
99.90158125435247882
99.91319487116449238
99.93377985334440439
99.91761910614044950
99.94776944819939501
99.94774896563018274
99.93169063127275820
99.95100569415421887
99.92941706607678043
99.90999959034856204
1
99.80824218590012720
99.87182008111103926
99.94592601695951828
99.93949449018877829
99.95385277129177837
99.93414853959288280
99.92806521650095419
99.90786940313797970
99.95690467412248381
99.97142681577972212
99.87026340584162654
99.97329072958902429
99.91585760517818926
99.91720945475402971
99.90496087829255600
99.91686125107544569
99.90158125435247882
99.91319487116449238
99.93377985334440439
99.91761910614044950
99.94776944819939501
99.94774896563018274
99.93169063127275820
99.95100569415421887
99.92941706607678043
99.90999959034856204
1
99.80824218590012720
99.87182008111103926
99.94592601695951828
99.93949449018877829
99.95385277129177837
99.93414853959288280
99.92806521650095419
99.90786940313797970
99.95690467412248381
99.97142681577972212
99.87026340584162654
99.97329072958902429
99.91585760517818926
99.91720945475402971
99.90496087829255600
99.91686125107544569
99.90158125435247882
99.91319487116449238
99.93377985334440439
99.91761910614044950
99.94776944819939501
99.94774896563018274
99.93169063127275820
99.95100569415421887
99.92941706607678043
99.90999959034856204
1
