19300218
68.96875554728084978
66.61132745945327827
85.51766615387144554
89.53467670153783331
135.05590936761134913
115.26406907801415969
60.71775723988433526
97.13474337274314507
95.15849146827079608
74.01787391449364861
54.96199687122074096
130.01851949834792777
107.45875369269450061
95.51914278021455118
82.67936965011885775
120.93479783654466075
109.36463460947052795
55.68916374408298964
58.45708926013924156
113.73350009561865193
78.00849534177390865
129.42036610292902310
147.68750165910537930
88.18589943735787529
135.50452441417556315
102.39497470304496574
0
95.70210469508899109
94.18834322719855834
96.64813815434416711
98.16405828386407961
97.18402590393962726
97.43011332973546246
95.75607123583387192
95.48192120885082090
95.97787371829521419
96.89206691851055098
95.62601187263908287
94.78197517539159378
97.36211548839716556
96.20615218564468307
95.32811656772783238
96.86400431732343463
95.64220183486202131
95.83594171613630408
94.65407447382624184
94.86616297895284333
96.53804641122509622
96.23421478683177099
96.35995682676767160
96.23421478683177099
95.68213707501334397
96.35995682676772844
0
95.70210469508899109
94.44018708400759010
96.64813815434416711
98.16405828386407961
97.18402590393962726
97.43011332973546246
95.75607123583387192
95.35599928044631213
95.97787371829521419
96.89206691851055098
95.50008994423457409
94.78197517539159378
97.36211548839716556
96.20615218564468307
95.32811656772783238
96.86400431732343463
95.64220183486202131
95.83594171613630408
94.65407447382624184
94.86616297895284333
96.53804641122509622
96.23421478683177099
96.35995682676767160
96.23421478683177099
95.68213707501334397
96.35995682676772844
1
95.70210469508899109
94.44018708400759010
96.64813815434416711
98.16405828386407961
97.18402590393962726
97.43011332973546246
95.75607123583387192
95.35599928044631213
95.97787371829521419
96.89206691851055098
95.50008994423457409
94.78197517539159378
97.36211548839716556
96.20615218564468307
95.32811656772783238
96.86400431732343463
95.64220183486202131
95.83594171613630408
94.65407447382624184
94.86616297895284333
96.53804641122509622
96.23421478683177099
96.35995682676767160
96.23421478683177099
95.68213707501334397
96.35995682676772844
1
