41649546
96.63682450033162752
139.85357047599663360
115.31027175378318361
80.00888856103061642
125.91515565433039114
73.54609414544832191
119.08070800413823065
116.15287488873836708
94.63954299525265412
114.02792624199949501
88.14837810374596927
53.07679576598118132
125.59456927638447610
49.48509351394994837
48.81555028213369241
105.35223470431265014
135.63204365844333665
74.58161651668956438
92.78127682220332417
62.55253472473658860
50.66246826481326337
64.11291090057954989
104.17202290585689184
119.83252561613531384
68.01952543537181839
99.00859628761294573
0
89.47962690230744442
94.39469808541974771
93.61806578301427351
94.05891016200304477
94.48011782032403971
93.42071674030447070
91.07216494845366128
92.47373588610695094
87.22336769759456843
95.97349042709872435
86.57830142366229609
95.48011782032394024
93.72999509081975589
94.72999509081991221
90.69710358370150516
92.27589592538043917
92.65095729013255266
93.42071674030437123
93.92096219931262624
92.80903289150705859
94.20373097692691999
95.09229258713776289
94.44084437898857232
94.57191948944536364
93.60481099656358595
92.59842906234656823
1
89.47962690230744442
94.39469808541974771
93.61806578301427351
94.05891016200304477
94.48011782032403971
93.42071674030447070
91.07216494845366128
92.47373588610695094
87.22336769759456843
95.97349042709872435
86.57830142366229609
95.48011782032394024
93.72999509081975589
94.72999509081991221
90.69710358370150516
92.27589592538043917
92.65095729013255266
93.42071674030437123
93.92096219931262624
92.80903289150705859
94.20373097692691999
95.09229258713776289
94.44084437898857232
94.57191948944536364
93.60481099656358595
92.59842906234656823
1
89.47962690230744442
94.39469808541974771
93.61806578301427351
94.05891016200304477
94.48011782032403971
93.42071674030447070
91.07216494845366128
92.47373588610695094
87.22336769759456843
95.97349042709872435
86.57830142366229609
95.48011782032394024
93.72999509081975589
94.72999509081991221
90.69710358370150516
92.27589592538043917
92.65095729013255266
93.42071674030437123
93.92096219931262624
92.80903289150705859
94.20373097692691999
95.09229258713776289
94.44084437898857232
94.57191948944536364
93.60481099656358595
92.59842906234656823
1
