54876125
64.37283320152603494
86.39817034628211445
137.88250248261169872
54.25669331824238384
79.15774213768470702
117.66727239000495331
99.64860862598764868
86.08843460266470515
73.87234320990167191
58.75496563151148877
99.31045675910260684
53.28202029016195951
106.62476688819587878
100.20840625436035509
100.13452433386447638
90.81403590207501964
117.15862378351401674
87.11709826495366826
130.60229170143955457
71.82638233463082145
98.18517827770362771
134.15146549756914851
80.45635897101634271
137.99332536335552390
52.29029758812094997
114.65800493596076137
81.08719690755819443
0
95.89111111111120067
90.50611111111147977
94.64777777777759127
87.04944444444500107
91.15388888888932684
93.72388888888870895
98.04777777777761116
83.20166666666710853
95.09555555555546391
94.85666666666621438
94.29555555555548096
93.73888888888905058
93.00888888888840711
91.14777777777761969
95.28222222222255766
96.63888888888902784
94.84777777777757990
91.98499999999943100
91.29111111111113530
93.95833333333359860
96.51055555555582544
91.39999999999974989
93.05666666666620301
90.07166666666648780
96.26111111111053731
91.92555555555608748
94.40611111111149967
0
95.89111111111120067
90.50611111111147977
94.64777777777759127
87.04944444444500107
91.15388888888932684
93.72388888888870895
98.04777777777761116
83.20166666666710853
95.09555555555546391
94.85666666666621438
94.29555555555548096
93.73888888888905058
93.00888888888840711
91.14777777777761969
95.28222222222255766
96.63888888888902784
94.84777777777757990
91.33430555555517572
90.83138888888876750
93.95833333333359860
96.51055555555582544
91.39999999999974989
93.05666666666620301
90.07166666666648780
96.26111111111053731
93.03597222222271057
94.40611111111149967
1
95.89111111111120067
90.50611111111147977
94.64777777777759127
87.04944444444500107
91.15388888888932684
93.72388888888870895
98.04777777777761116
83.20166666666710853
95.09555555555546391
94.85666666666621438
94.29555555555548096
93.73888888888905058
93.00888888888840711
91.14777777777761969
95.28222222222255766
96.63888888888902784
94.84777777777757990
91.33430555555517572
90.83138888888876750
93.95833333333359860
96.51055555555582544
91.39999999999974989
93.05666666666620301
90.07166666666648780
96.26111111111053731
93.03597222222271057
94.40611111111149967
1
