6841281
127.10313528877023259
136.76143006179148642
107.05516334896117314
82.67093215757117264
132.92528604389286784
51.74184033579506092
131.28328920729424567
108.41096707495545104
121.78399060683099719
129.12383210000695044
82.71718558958802703
83.20284662576509049
138.96714060109562183
71.75223136209044128
57.85885672002520153
65.80288366892142449
52.85770438320187736
93.21093297841383674
101.86032476556721349
89.15219431893410729
64.57138604147243655
63.84289448720684845
82.54951689852690322
76.55391577334103204
71.41978481946922841
106.00578861007858222
142.61248921192463968
107.29799386704968356
65.90406305145830856
0
98.22578471268246858
89.92483346725055071
93.75529405666001992
97.05308312381755798
95.07174515953457217
92.97659469687144451
96.79044089059372880
93.94059251963376767
92.60633472434608393
92.63883776988693342
92.98133796428301423
96.21899380524097012
96.02433840491420369
93.95443352945761717
95.36611285347692046
93.03924211399373689
94.98048262097927363
94.13524791996073304
95.12106995671450704
97.16432959228632171
96.08084290194663879
96.81008786708491698
93.07016407039731121
93.83066794536155442
91.97817578600870547
96.17197584303156077
96.86317099090234706
93.05611570462164650
97.16966900806097840
1
98.22578471268246858
89.92483346725055071
93.75529405666001992
97.05308312381755798
95.07174515953457217
92.97659469687144451
96.79044089059372880
93.94059251963376767
92.60633472434608393
92.63883776988693342
92.98133796428301423
96.21899380524097012
96.02433840491420369
93.95443352945761717
95.36611285347692046
93.03924211399373689
94.98048262097927363
94.13524791996073304
95.12106995671450704
97.16432959228632171
96.08084290194663879
96.81008786708491698
93.07016407039731121
93.83066794536155442
91.97817578600870547
96.17197584303156077
96.86317099090234706
93.05611570462164650
97.16966900806097840
1
98.22578471268246858
89.92483346725055071
93.75529405666001992
97.05308312381755798
95.07174515953457217
92.97659469687144451
96.79044089059372880
93.94059251963376767
92.60633472434608393
92.63883776988693342
92.98133796428301423
96.21899380524097012
96.02433840491420369
93.95443352945761717
95.36611285347692046
93.03924211399373689
94.98048262097927363
94.13524791996073304
95.12106995671450704
97.16432959228632171
96.08084290194663879
96.81008786708491698
93.07016407039731121
93.83066794536155442
91.97817578600870547
96.17197584303156077
96.86317099090234706
93.05611570462164650
97.16966900806097840
1
