362359
139.94778133827054489
115.55285147997815898
60.07382278240640971
83.72355574544849333
56.73510598400152105
53.45506610648246948
125.02624035699874128
57.79129055994683029
116.89068527617556015
92.83314771297679613
96.33322604381780252
128.07744024306296637
60.98038121009280843
49.75842009067388005
95.84914144650952039
113.27912079565145120
120.53158821714258409
118.75074366825701588
93.20868000664624731
127.24129412043961906
126.03254955019107797
51.88545847278596312
73.29373305798856109
136.70881530537158710
76.67352370101356485
105.32546416957438851
92.70112464098363603
140.35265209238292528
95.88728144508532125
79.09981437964347606
0
95.85804172645987364
96.04327188431399520
95.84402251904221259
95.01457114471720899
97.49740589469050178
98.27022850204198789
97.62567612319213595
95.79688707362863909
94.70129153328203131
94.14405563527972731
97.48239320013242093
95.57357324207985982
95.07175184899021758
95.88939176509542506
95.64201346726960651
95.39331051992439825
97.49508775803066385
96.73264157191758272
96.05596644221220970
97.36681752952907232
90.41505684954161381
96.06424550171115584
96.96864996136450543
97.93652721050899856
96.32950656805438427
96.60989071641407122
97.89303455127472375
95.97847444530346195
95.42201125952119867
96.88420355447628651
1
95.85804172645987364
96.04327188431399520
95.84402251904221259
95.01457114471720899
97.49740589469050178
98.27022850204198789
97.62567612319213595
95.79688707362863909
94.70129153328203131
94.14405563527972731
97.48239320013242093
95.57357324207985982
95.07175184899021758
95.88939176509542506
95.64201346726960651
95.39331051992439825
97.49508775803066385
96.73264157191758272
96.05596644221220970
97.36681752952907232
90.41505684954161381
96.06424550171115584
96.96864996136450543
97.93652721050899856
96.32950656805438427
96.60989071641407122
97.89303455127472375
95.97847444530346195
95.42201125952119867
96.88420355447628651
1
95.85804172645987364
96.04327188431399520
95.84402251904221259
95.01457114471720899
97.49740589469050178
98.27022850204198789
97.62567612319213595
95.79688707362863909
94.70129153328203131
94.14405563527972731
97.48239320013242093
95.57357324207985982
95.07175184899021758
95.88939176509542506
95.64201346726960651
95.39331051992439825
97.49508775803066385
96.73264157191758272
96.05596644221220970
97.36681752952907232
90.41505684954161381
96.06424550171115584
96.96864996136450543
97.93652721050899856
96.32950656805438427
96.60989071641407122
97.89303455127472375
95.97847444530346195
95.42201125952119867
96.88420355447628651
1
