372312
137.24576270841598102
132.59431663970866566
57.49152928250985894
125.38772972808010309
117.12295317443364695
57.21049246701459623
67.06398734499141767
80.74015645822525755
134.61319335510319206
95.14185939105402667
83.08882127343569834
131.59061372722555916
99.52373953469448509
108.82663167210915844
98.19311624500259938
103.73068859930215524
136.80413342692344258
117.69362997324545006
45.87438500116989815
80.34727846105330684
110.93154006571654691
45.30944364757226595
53.98430453403324236
123.18531876583149653
51.24562944425796474
52.55044323048597477
67.75510849330120777
99.64418388419244366
71.68962391023489999
132.41938556067589161
0
94.05965978128806171
93.18456865127582489
93.96743620899147231
92.75735115431351119
94.94070473876070082
96.87424058323202303
95.65504252733897772
95.51142162818960912
94.39307411907655876
92.41773997569860910
94.51263669501817333
98.00060753341418263
91.77667071688946976
90.91725394896720047
95.92940461725406465
94.10060753341439010
93.21130012150668165
91.29283110571084592
92.35188335358438394
95.63159173754556264
93.17302551640338493
95.95346294046163393
94.21688942891849194
92.92855407047397875
93.29817739975698032
95.74252733900370060
91.23025516403409085
92.52393681652482371
94.54763061968409943
93.89951397326845495
1
94.05965978128806171
93.18456865127582489
93.96743620899147231
92.75735115431351119
94.94070473876070082
96.87424058323202303
95.65504252733897772
95.51142162818960912
94.39307411907655876
92.41773997569860910
94.51263669501817333
98.00060753341418263
91.77667071688946976
90.91725394896720047
95.92940461725406465
94.10060753341439010
93.21130012150668165
91.29283110571084592
92.35188335358438394
95.63159173754556264
93.17302551640338493
95.95346294046163393
94.21688942891849194
92.92855407047397875
93.29817739975698032
95.74252733900370060
91.23025516403409085
92.52393681652482371
94.54763061968409943
93.89951397326845495
1
94.05965978128806171
93.18456865127582489
93.96743620899147231
92.75735115431351119
94.94070473876070082
96.87424058323202303
95.65504252733897772
95.51142162818960912
94.39307411907655876
92.41773997569860910
94.51263669501817333
98.00060753341418263
91.77667071688946976
90.91725394896720047
95.92940461725406465
94.10060753341439010
93.21130012150668165
91.29283110571084592
92.35188335358438394
95.63159173754556264
93.17302551640338493
95.95346294046163393
94.21688942891849194
92.92855407047397875
93.29817739975698032
95.74252733900370060
91.23025516403409085
92.52393681652482371
94.54763061968409943
93.89951397326845495
1
