56665593
54.74040955839717526
109.09936826685384403
73.30553097120071016
132.79770297352010289
111.17035431989503991
101.00718202256337008
88.48096153650523377
141.22915331481877388
134.16065960671815560
126.79125339518419935
71.44990386669515203
137.65065462202827007
123.30125837987405646
104.26116723125910823
84.00562557858008006
56.06796472060305803
63.45507166763309925
89.84981841486862209
68.85969623910236237
70.65632089195430865
150.17687510808642060
97.70304472996207323
66.13083285012361046
55.07082328765730495
55.48089032664978504
91.14787235124769893
106.01354004537084563
109.83394878994108979
112.78997161778619329
113.31214331492050462
0
97.23847902459213799
97.14596679754781405
97.49383481435553733
97.24584969346300056
95.20066129365569907
96.00427085485976875
93.20830750154969735
97.03747330715711428
97.47847351381142289
96.32665151202031950
97.61582971688358157
97.99138940552469990
97.07033133567519201
96.83219673486263446
95.68313012330366973
96.05744988634016579
97.65578287524968459
96.93421505820758455
96.73720465660940704
97.53929875318581821
98.82083075015518148
96.85279327684793316
97.11737962388929191
96.58262726458622183
96.55989529517114534
96.75449473031680725
95.95357167458841730
94.69635599641799217
96.90411241992161706
95.26114210925064185
0
97.23847902459213799
97.14596679754781405
97.49383481435553733
97.24584969346300056
95.20066129365569907
96.00427085485976875
93.20830750154969735
97.03747330715711428
97.47847351381142289
96.32665151202031950
97.61582971688358157
97.99138940552469990
97.07033133567519201
96.83219673486263446
95.68313012330366973
96.05744988634016579
97.65578287524968459
96.93421505820758455
96.73720465660940704
97.53929875318581821
98.82083075015518148
96.85279327684793316
97.11737962388929191
96.58262726458622183
96.55989529517114534
96.68254460287965912
95.95357167458841730
94.69635599641799217
96.90411241992161706
95.33309223668778998
1
97.23847902459213799
97.14596679754781405
97.49383481435553733
97.24584969346300056
95.20066129365569907
96.00427085485976875
93.20830750154969735
97.03747330715711428
97.47847351381142289
96.32665151202031950
97.61582971688358157
97.99138940552469990
97.07033133567519201
96.83219673486263446
95.68313012330366973
96.05744988634016579
97.65578287524968459
96.93421505820758455
96.73720465660940704
97.53929875318581821
98.82083075015518148
96.85279327684793316
97.11737962388929191
96.58262726458622183
96.55989529517114534
96.68254460287965912
95.95357167458841730
94.69635599641799217
96.90411241992161706
95.33309223668778998
1
