1038453
64.68051138849044435
102.68887346008685313
131.54897661264891440
98.75107018239894785
131.25506810714031758
85.26837417727183777
86.32416201259395905
113.60058341217280997
99.47870774458041865
69.43441012807600998
124.90892717266355305
116.82501653085928695
110.71286100853500045
55.00721203243099211
51.38329162470370903
116.77365387941118513
54.85597755872269232
113.19253568122400111
102.15241910051777552
64.46079337951800881
108.50141351563054570
46.09579200618508565
109.04072135583564318
85.14282102928758889
51.87979725536870745
91.74862870164086814
107.49128137048451492
114.73056174403107832
90.82410097557502127
106.24145685191400901
0
96.30674743395601922
94.72328790173297364
93.93631162712431149
93.63183577317875006
90.32138650513198286
96.66254416961125173
92.98022884065277083
92.05350832912664316
95.81263671546361138
87.34999158674088449
92.49932693925647698
92.05931347804130382
95.33089348813741992
94.01245162375906261
85.92680464411910179
95.11786976274595418
89.85874137640911385
96.03954231869425939
94.30380279320195314
92.23573952549203625
89.34999158674085606
96.16397442369172666
96.49999999999997158
95.43563856638071741
98.20351674238597184
98.50151438667347747
92.11786976274598260
90.74457344775373713
92.11786976274613892
94.70208648830545428
1
96.30674743395601922
94.72328790173297364
93.93631162712431149
93.63183577317875006
90.32138650513198286
96.66254416961125173
92.98022884065277083
92.05350832912664316
95.81263671546361138
87.34999158674088449
92.49932693925647698
92.05931347804130382
95.33089348813741992
94.01245162375906261
85.92680464411910179
95.11786976274595418
89.85874137640911385
96.03954231869425939
94.30380279320195314
92.23573952549203625
89.34999158674085606
96.16397442369172666
96.49999999999997158
95.43563856638071741
98.20351674238597184
98.50151438667347747
92.11786976274598260
90.74457344775373713
92.11786976274613892
94.70208648830545428
1
96.30674743395601922
94.72328790173297364
93.93631162712431149
93.63183577317875006
90.32138650513198286
96.66254416961125173
92.98022884065277083
92.05350832912664316
95.81263671546361138
87.34999158674088449
92.49932693925647698
92.05931347804130382
95.33089348813741992
94.01245162375906261
85.92680464411910179
95.11786976274595418
89.85874137640911385
96.03954231869425939
94.30380279320195314
92.23573952549203625
89.34999158674085606
96.16397442369172666
96.49999999999997158
95.43563856638071741
98.20351674238597184
98.50151438667347747
92.11786976274598260
90.74457344775373713
92.11786976274613892
94.70208648830545428
1
