476875
26.14216589861751316
32.30115207373272312
46.68870967741935374
50.01082949308755587
31.60852534562212313
58.82972350230414804
62.42834101382488399
41.09101382488479715
57.87580645161290249
46.02373271889401707
0
40.90500000000005087
45.39000000000000057
39.48000000000004661
68.87500000000001421
14.96999999999994024
45.29999999999999716
60.87500000000000711
58.39000000000000767
44.96999999999994913
33.84499999999996334
0
40.59375000000002132
39.59374999999996447
27.87499999999992184
80.15625000000005684
3.99999999999993783
29.15625000000003197
49.59374999999997158
75.15625000000004263
72.71875000000004263
34.15625000000000000
1
40.59375000000002132
39.59374999999996447
27.87499999999992184
80.15625000000005684
3.99999999999993783
29.15625000000003197
49.59374999999997158
75.15625000000004263
72.71875000000004263
34.15625000000000000
1
