474265
13.77288308359019986
18.89560716574602495
11.51940855128635555
21.90072511978515024
13.16535721915341739
18.59524094363231228
12.73057832575457127
19.60212286751915300
9.25137668996246276
19.56670003357035981
0
20.74193548387091113
15.49999999999995381
24.16129032258067966
16.87096774193549820
23.53225806451615654
16.24193548387097863
0.29032258064519501
28.08064516129030253
0.00000000000000000
13.58064516129032917
0
20.74193548387091113
16.58064516129027766
24.16129032258067966
16.87096774193549820
22.45161290322583270
15.16129032258065301
0.29032258064519501
29.16129032258062637
0.00000000000000000
13.58064516129032917
1
20.74193548387091113
16.58064516129027766
24.16129032258067966
16.87096774193549820
22.45161290322583270
15.16129032258065301
0.29032258064519501
29.16129032258062637
0.00000000000000000
13.58064516129032917
1
