534062
26.43053763440860138
34.57780165003407546
18.32704936877549429
20.07608956165247349
43.81746960865098117
42.37088005208492092
35.45232174647257040
33.68039877519048275
30.98321563361512432
45.39140680155847463
20.07210994801680570
45.86995534124780249
26.80064170252591182
38.78325835952838929
26.36686381623788122
0
25.49999999999995381
50.72222222222251986
46.49999999999992895
32.99999999999987210
31.11111111111125282
22.69444444444419062
54.91666666666674246
49.11111111111119953
46.30555555555547187
10.41666666666679752
50.91666666666672825
35.30555555555553582
0.00000000000000000
13.00000000000001421
19.49999999999988276
0
25.37179487179506410
50.80769230769244871
46.43589743589748764
32.99999999999987210
31.08974358974377239
22.60897435897426533
54.98076923076918376
49.15384615384614619
46.26282051282052521
10.48076923076924238
51.04487179487161796
35.32692307692301625
0.00000000000000000
12.93589743589756935
19.49999999999988276
0
25.37179487179506410
50.80769230769244871
46.43589743589748764
32.99999999999987210
31.08974358974377239
22.60897435897426533
54.98076923076918376
49.46794871794863013
45.94871794871804127
10.48076923076924238
51.04487179487161796
35.32692307692301625
0.00000000000000000
12.93589743589756935
19.49999999999988276
1
