567984
12.15759215742125399
14.01335761250309631
25.49014421691200027
17.74355364306229532
14.75147828268956296
24.37080260288976419
14.60385414865226927
25.50202202080006231
14.81256413125671934
15.60498333350288114
12.09933435739887386
23.60270461812867282
21.12759653174094510
22.06707425831544356
20.05293808472616490
0
9.28571428571431845
25.92857142857139863
21.92857142857141284
29.92857142857141284
27.28571428571394719
24.92857142857176100
18.92857142857150521
16.64285714285714590
13.64285714285711038
21.28571428571429536
16.28571428571432023
10.99999999999993605
13.28571428571439483
25.28571428571430602
2.35714285714274663
0
8.10714285714292870
24.75000000000001066
21.92857142857141284
29.92857142857141284
23.57142857142839532
28.64285714285731288
18.92857142857150521
16.64285714285714590
13.64285714285711038
21.28571428571429536
16.28571428571432023
12.17857142857132402
13.28571428571439483
26.46428571428569398
2.35714285714274663
0
8.10714285714292870
24.75000000000001066
21.92857142857141284
29.92857142857141284
21.28571428571411772
30.92857142857159047
18.92857142857150521
16.64285714285714590
13.64285714285711038
21.28571428571429536
16.28571428571432023
12.17857142857132402
13.28571428571439483
26.46428571428569398
2.35714285714274663
1
