496156
61.08143925290688969
67.61128940702536738
28.57973937192907954
65.65985656300546225
64.35793694875943061
57.64437147129734029
28.97899472029786239
53.06595416119876774
56.80535660878323512
28.27740470595416511
31.42660359508042234
32.44354747154149265
68.62389355143895386
33.45036530655843166
32.99324686422315267
0
47.61538461538472689
45.61538461538455635
37.83076923076948361
64.83076923076920650
32.78461538461524327
67.61538461538474110
67.83076923076920650
45.61538461538448530
58.61538461538465583
57.61538461538455635
31.83076923076925269
10.99999999999984368
47.39999999999999858
47.39999999999999858
47.39999999999999858
0
47.61538461538472689
45.61538461538455635
30.00000000000000711
64.83076923076920650
40.61538461538471978
67.61538461538474110
67.83076923076920650
45.61538461538448530
58.61538461538465583
57.61538461538455635
23.99999999999977618
10.99999999999984368
47.39999999999999858
55.23076923076947509
47.39999999999999858
0
47.61538461538472689
45.61538461538455635
30.00000000000000711
65.61538461538442846
40.61538461538471978
67.61538461538474110
70.11538461538476952
45.61538461538448530
58.61538461538465583
57.61538461538455635
23.99999999999977618
10.99999999999984368
45.11538461538443556
55.23076923076947509
46.61538461538477662
1
