511781
24.68719233103766086
26.15084783810269897
24.93600160052627146
13.00836505562846135
23.93711450883850134
11.31171700525257506
22.33354180866250971
18.77964510364424910
24.29420751908254772
22.20944134172930973
17.93710026686741088
13.61852568471666736
14.82181354547088503
26.64299135647993211
14.33149503396031932
0
10.84000000000019526
14.84000000000011177
39.78000000000007219
23.68000000000004235
22.41999999999986670
12.84000000000004604
21.25999999999994827
0.00000000000000000
19.26000000000011880
32.10000000000019327
14.83999999999995723
33.09999999999975273
17.67999999999979721
29.09999999999989129
7.26000000000000689
0
10.84000000000019526
14.84000000000011177
40.06999999999986528
23.68000000000004235
22.13000000000007361
12.84000000000004604
21.25999999999994827
0.00000000000000000
19.26000000000011880
32.10000000000019327
14.83999999999995723
33.09999999999975273
17.67999999999979721
29.09999999999989129
7.26000000000000689
1
10.84000000000019526
14.84000000000011177
40.06999999999986528
23.68000000000004235
22.13000000000007361
12.84000000000004604
21.25999999999994827
0.00000000000000000
19.26000000000011880
32.10000000000019327
14.83999999999995723
33.09999999999975273
17.67999999999979721
29.09999999999989129
7.26000000000000689
1
