482250
33.92096682638020155
49.39557237464522643
42.91040131839961447
33.18264473403119297
42.74062074648274034
46.75950560014648971
33.46970793786431386
24.40208502456740192
45.20132206183050272
40.74234809411908742
38.62902676473280650
37.37912900173955677
24.78185735648671084
27.67482894375439173
27.80998321481979119
0
35.73170731707307368
61.32926829268298974
28.23170731707331171
39.96341463414646000
32.09756097560969579
36.09756097560989474
30.73170731707326198
38.59756097560968158
13.86585365853659901
44.73170731707310210
68.19512195121950526
26.09756097560969579
30.23170731707307723
25.23170731707310210
37.86585365853659368
0
35.73170731707307368
59.96341463414628237
28.23170731707331171
39.96341463414646000
32.09756097560969579
36.09756097560989474
30.73170731707326198
38.59756097560968158
13.86585365853659901
46.09756097560980947
68.19512195121950526
26.09756097560969579
30.23170731707307723
25.23170731707310210
37.86585365853659368
0
35.73170731707307368
46.07926829268298974
28.23170731707331171
39.96341463414646000
32.09756097560969579
36.09756097560989474
30.73170731707326198
38.59756097560968158
13.86585365853659901
59.98170731707310210
68.19512195121950526
26.09756097560969579
30.23170731707307723
25.23170731707310210
37.86585365853659368
1
