518937
14.06824616907932501
38.03603489961106021
20.38139456024523355
18.10971065062071617
20.63276941909712647
22.84097482901157150
37.79397022071664480
38.96197461538201168
22.70640040962621597
24.94084359942082685
37.78550642075530419
37.28106394305924454
36.82317236515057601
26.70639227135702498
18.93154562686714115
0
28.82954545454552076
25.05681818181816567
3.73863636363625362
39.56818181818191960
27.54545454545447924
18.02272727272737640
24.56818181818157143
32.29545454545448280
43.90909090909085677
8.74999999999993960
51.80681818181844278
18.30681818181813014
30.46590909090914678
23.80681818181814435
39.32954545454560247
0
28.82954545454552076
25.05681818181816567
3.73863636363625362
39.56818181818191960
27.54545454545447924
18.02272727272737640
23.93181818181805909
32.29545454545448280
43.27272727272734443
8.74999999999993960
52.44318181818195512
18.30681818181813014
31.10227272727265913
23.80681818181814435
39.32954545454560247
0
28.82954545454552076
25.05681818181816567
3.73863636363625362
39.56818181818191960
27.54545454545447924
18.02272727272737640
23.93181818181805909
32.29545454545448280
37.10795454545459648
8.74999999999993960
52.44318181818195512
18.30681818181813014
37.26704545454541062
23.80681818181814435
39.32954545454560247
1
