562921
31.35344530235365923
35.05310858146577146
20.50736031847759833
31.68445312526491975
25.89925460236077726
31.83136109161317506
30.91737038958573081
19.95041176251174164
28.86065886071013509
40.94151459971583762
33.44176993791178631
36.88108998552065998
19.34232435750060120
27.85833741942265718
42.47753966558495620
0
50.99999999999975842
14.00000000000004441
49.50000000000000000
0.00000000000000000
16.00000000000004619
31.50000000000018829
28.00000000000004263
12.50000000000014211
27.00000000000023803
26.49999999999992184
44.99999999999997158
43.49999999999990763
45.99999999999978684
46.99999999999998579
19.49999999999991473
0
50.99999999999975842
14.00000000000004441
48.75000000000028422
0.00000000000000000
16.00000000000004619
32.24999999999990052
28.00000000000004263
12.50000000000014211
27.00000000000023803
26.49999999999992184
45.74999999999968736
43.49999999999990763
45.25000000000007105
46.99999999999998579
19.49999999999991473
0
50.99999999999975842
14.00000000000004441
47.00000000000005684
0.00000000000000000
16.00000000000004619
32.24999999999990052
28.00000000000004263
12.50000000000014211
27.00000000000023803
26.49999999999992184
47.49999999999991473
43.49999999999990763
45.25000000000007105
46.99999999999998579
19.49999999999991473
1
