474640
3.90705404828028158
3.96182866908780129
1.57720999786370397
4.25039948728904093
2.49615894039735053
3.49235633411664148
1.91577013458662604
1.57165562913907242
2.13922666096987779
2.68834009826960019
0
0.53333333333329347
4.60000000000001563
4.46666666666667922
1.53333333333335031
2.46666666666671164
7.99999999999998934
0.00000000000000000
3.99999999999998446
2.39999999999997371
0.00000000000000000
0
0.39999999999996771
4.20000000000003837
4.60000000000000497
1.40000000000002456
2.60000000000003739
7.99999999999998934
0.00000000000000000
3.99999999999998446
2.79999999999995097
0.00000000000000000
1
0.39999999999996771
4.20000000000003837
4.60000000000000497
1.40000000000002456
2.60000000000003739
7.99999999999998934
0.00000000000000000
3.99999999999998446
2.79999999999995097
0.00000000000000000
1
