551687
33.26723024180832056
17.28572445855077788
37.08784244310841416
26.90509760836613751
28.40319020152388774
28.22068951485742971
17.34126814579709475
14.72516047649566318
11.92575863928139235
24.47942543819493011
18.72509943947671118
28.15721101514735381
32.68560848821476839
35.63815220597959410
35.15254168319752637
0
19.69444444444452813
60.72222222222233512
14.02777777777782653
19.69444444444446063
26.36111111111104321
42.36111111111118532
11.66666666666664298
23.66666666666677088
27.69444444444446418
12.99999999999988631
21.69444444444438602
43.02777777777769330
21.69444444444435405
6.66666666666662788
38.02777777777780699
0
15.38888888888926942
53.52777777777759383
12.05555555555588221
21.66666666666640495
25.99999999999967315
42.72222222222255539
11.66666666666664298
17.19444444444476972
29.66666666666640850
20.19444444444462761
22.05555555555575609
47.33333333333295201
26.19444444444441089
8.27777777777720303
36.05555555555586267
0
17.09876543209884403
49.24382716049387909
13.76543209876545859
19.95679012345683034
24.29012345679009854
44.43209876543212999
11.66666666666664298
18.04938271604955702
27.95679012345683390
24.47839506172834234
23.76543209876533069
45.62345679012337740
27.04938271604919819
4.85802469135805026
37.76543209876543727
1
