475296
56.10278145695363605
61.28260261848810586
44.80888210699789909
54.19156590472121593
41.46651936399425864
29.45704641865291507
36.97121616260262300
22.36083376567888337
42.03716666158025106
35.32138554033021194
0
42.13333333333335418
23.06666666666667354
75.19999999999998863
73.16666666666664298
0.03333333333335187
45.10000000000002274
54.13333333333330444
40.06666666666664867
32.00000000000000000
39.10000000000002274
1
42.13333333333335418
23.06666666666667354
75.19999999999998863
73.16666666666664298
0.03333333333335187
45.10000000000002274
54.13333333333330444
40.06666666666664867
32.00000000000000000
39.10000000000002274
1
42.13333333333335418
23.06666666666667354
75.19999999999998863
73.16666666666664298
0.03333333333335187
45.10000000000002274
54.13333333333330444
40.06666666666664867
32.00000000000000000
39.10000000000002274
1
