479812
12.86478041932431893
13.19676076540421583
12.05312234870448762
7.40167119357890435
10.12831385235144843
14.39934263130588654
11.27296853541673016
11.42574724570451927
6.90099063081758946
11.35630237739188786
0
7.03333333333335098
14.66666666666663410
0.00000000000000000
10.69999999999998863
15.70000000000000284
11.83333333333328241
11.09999999999999964
0.00000000000000000
24.00000000000005684
15.96666666666668455
0
11.33333333333333393
13.83333333333331971
0.00000000000000000
14.99999999999997158
19.99999999999998579
5.16666666666668206
9.16666666666663410
0.00000000000000000
24.83333333333337123
11.66666666666670160
0
14.16666666666661989
13.70833333333337656
0.00000000000000000
14.87500000000002842
22.70833333333332860
2.58333333333328241
9.04166666666669094
0.00000000000000000
24.95833333333331439
8.95833333333335879
1
