521171
10.44563127536850899
22.22824182866908416
20.30096133304849104
19.76005127109591797
18.95048066652424623
17.28006836146122183
9.96829737235633395
16.72480239265114221
22.03546250801110773
14.43913693655201769
17.39594103823969107
10.49177526169621721
21.48891262550736769
20.68549455244605539
9.80474257637256841
0
23.66666666666670693
3.88888888888896389
17.63492063492050121
22.20634920634926601
15.46031746031745158
10.42857142857140929
8.28571428571436464
17.14285714285709261
11.17460317460313490
10.88888888888881645
17.63492063492050121
26.46031746031763277
25.03174603174607427
23.34920634920655047
18.74603174603157996
0
23.66666666666670693
2.49659863945581595
19.02721088435365004
23.59863945578241484
14.06802721088430452
10.42857142857140929
8.28571428571436464
17.14285714285709261
9.78231292516998785
9.49659863945566940
19.02721088435365004
25.06802721088448394
27.81632653061236837
20.41496598639448479
21.68027210884364564
0
23.66666666666670693
2.49659863945581595
19.02721088435365004
23.59863945578241484
14.06802721088430452
10.42857142857140929
8.28571428571436464
17.14285714285709261
9.78231292516998785
9.49659863945566940
19.02721088435365004
25.06802721088448394
27.81632653061236837
13.94217687074833378
28.15306122448979664
1
