537531
29.78665269597122389
25.69381742471253816
49.00160066191256192
22.32830537498771406
37.08257644038887690
53.84325639277999898
48.70661078388486942
46.29892011949692687
47.64966324520266738
23.96926121470449900
50.38578393573479985
43.76941177268458461
49.01115498994585806
34.65935999294683967
24.81362495464610873
0
64.39032838506520307
52.92982456140357073
31.24561403508769075
0.00000000000000000
20.12280701754385603
42.12280701754381340
27.82892487629321820
53.36842105263165337
22.56140350877188183
59.80701754385967206
46.66230319388218817
39.22370670265409132
55.24561403508772628
40.80701754385970759
30.68421052631571655
0
64.39032838506520307
52.92982456140357073
30.68421052631563128
0.00000000000000000
20.12280701754385603
42.12280701754381340
28.39032838506527767
53.36842105263165337
22.56140350877188183
59.80701754385967206
46.66230319388218817
38.66230319388203185
55.24561403508772628
41.36842105263176705
30.68421052631571655
0
61.24561403508764101
48.08771929824553837
25.96491228070160417
0.00000000000000000
20.12280701754385603
46.96491228070184576
27.40350877192979695
53.36842105263165337
22.56140350877188183
59.80701754385967206
49.80701754385975022
39.64912280701751257
55.24561403508772628
46.08771929824579416
30.68421052631571655
1
