532375
19.04375404794118509
24.42187838034879377
18.57037127462250226
13.92820079822856982
24.31674211520398288
10.96713224348345150
20.13016212110422387
8.79108113515291478
20.70975948023587421
16.35226566023404260
13.41330267918603703
21.22250095794210267
15.44216301631383814
15.47720843802877511
22.21347765197370094
0
13.06034482758642490
17.96551724137914618
24.33620689655145597
14.90517241379331281
13.90517241379289004
6.46551724137936112
9.90517241379289537
21.62068965517249097
24.15517241379304281
16.99999999999980105
8.59482758620703891
10.06034482758609983
30.46551724137949790
29.46551724137937711
23.09482758620719522
0
13.19655172413807698
17.96551724137914618
23.92758620689649618
15.04137931034496489
13.76896551724123796
6.46551724137936112
9.76896551724124329
21.62068965517249097
24.15517241379304281
16.99999999999980105
8.73103448275869098
9.92413793103444775
30.46551724137949790
29.46551724137937711
23.50344827586215501
1
13.19655172413807698
17.96551724137914618
23.92758620689649618
15.04137931034496489
13.76896551724123796
6.46551724137936112
9.76896551724124329
21.62068965517249097
24.15517241379304281
16.99999999999980105
8.73103448275869098
9.92413793103444775
30.46551724137949790
29.46551724137937711
23.50344827586215501
1
