468390
1.20957365642262027
1.27268593401898245
1.21637928403576767
0.80788903469954532
0.80032044434949801
0.91803033539841916
0.59190954313791311
1.05325785088656287
1.02829371013519699
1.10166020691549438
0
1.66666666666666674
0.00000000000000000
0.66666666666666652
1.66666666666666652
3.33333333333333348
0.66666666666666674
1.00000000000000000
0.00000000000000000
1.00000000000000000
0.00000000000000000
0
1.66666666666666674
0.00000000000000000
0.66666666666666652
1.66666666666666652
3.33333333333333348
0.66666666666666674
1.00000000000000000
0.00000000000000000
1.00000000000000000
0.00000000000000000
0
0.00000000000000000
0.66666666666666674
0.66666666666666652
1.66666666666666652
4.00000000000000000
0.00000000000000000
1.00000000000000000
0.00000000000000000
2.00000000000000000
0.00000000000000000
1
