476375
66.44625080111087811
45.16861781670582587
68.32572099978636970
22.32311471907711820
39.10722067934201363
65.98942533646656727
35.42159794915615834
32.45223242896816629
43.18481093783379521
43.58100833155308607
0
37.12539682539680541
38.34058956916102545
29.69002267573691611
22.46757369614515554
74.01247165532883798
53.21519274376414899
31.36031746031747858
59.98027210884347227
54.65056689342404184
61.15759637188214271
0
38.49999999999945288
35.00000000000049738
27.50000000000045119
28.99999999999890932
77.16666666666642982
47.83333333333445836
27.83333333333400716
60.16666666666641561
53.49999999999997868
65.49999999999943157
0
46.08333333333333570
27.41666666666658259
21.95000000000003482
43.98333333333338402
80.86666666666674530
32.85000000000000142
18.39999999999996305
64.05000000000002558
53.49999999999996447
72.90000000000000568
1
