492765
10.52701695133654169
11.08771724940065084
17.33320813962557239
15.69786974021966586
16.08321068283469657
13.37728093644351013
19.92088273093186501
16.31522459927501956
11.45237478086014704
12.72575348504423509
16.26711318636975889
15.00587474525522147
21.59848723139472781
11.20057673201018744
12.40740880899821263
0
7.96551724137933448
4.03448275862067351
18.10344827586202499
10.55172413793092545
14.00000000000011013
12.17241379310328853
2.06896551724132083
26.58620689655179348
14.10344827586213867
15.55172413793099473
13.51724137931045711
35.13793103448275446
21.20689655172409260
14.58620689655163893
11.41379310344843923
0
7.96551724137933448
4.03448275862067351
18.10344827586202499
10.67241379310325300
14.00000000000011013
12.17241379310328853
2.06896551724132083
26.46551724137946593
14.10344827586213867
15.43103448275866718
13.39655172413812956
35.13793103448275446
21.20689655172409260
14.70689655172396648
11.53448275862076677
1
7.96551724137933448
4.03448275862067351
18.10344827586202499
10.67241379310325300
14.00000000000011013
12.17241379310328853
2.06896551724132083
26.46551724137946593
14.10344827586213867
15.43103448275866718
13.39655172413812956
35.13793103448275446
21.20689655172409260
14.70689655172396648
11.53448275862076677
1
