468687
17.34821924497207490
17.49327372051148899
12.30565202795495594
18.01961424604022355
15.44593340861232456
14.68987395855586442
24.00296334727012137
20.39021881771294176
25.57191991943113507
28.73233130893887122
0
31.86666666666661740
22.93333333333331581
36.58333333333330728
19.91666666666667140
9.58333333333336768
8.63333333333335240
5.98333333333337425
8.30000000000003268
30.79999999999994742
19.39999999999999858
0
30.88888888888880402
19.55555555555556779
30.55555555555551805
25.94444444444446773
7.72222222222220189
9.61111111111117111
11.22222222222228716
5.55555555555551717
28.05555555555543279
24.88888888888903139
0
31.37962962962957647
19.55555555555556779
30.55555555555551805
25.94444444444446773
8.21296296296297257
9.12037037037040044
10.73148148148151648
6.04629629629628873
29.52777777777774659
22.92592592592594514
1
