474453
16.34468214972380551
14.98836329233680331
15.84507889034699524
20.58445081942197774
13.17934812463759187
8.49042329172643129
13.91083101901303110
8.91125827814569504
12.40582598345896770
20.33973815118869410
0
18.00000000000000000
8.50000000000000000
15.00000000000000000
6.33333333333333393
18.16666666666666785
16.50000000000000000
23.16666666666666785
3.66666666666666696
14.50000000000000000
21.16666666666666785
0
24.50000000000001776
1.99999999999998579
15.49999999999998579
14.00000000000000888
17.33333333333333570
16.83333333333334281
25.66666666666667496
0.00000000000000000
14.83333333333334458
14.33333333333330728
0
24.50000000000001776
1.99999999999998579
15.49999999999998579
14.00000000000000888
17.33333333333333570
20.33333333333331439
25.66666666666667496
0.00000000000000000
14.83333333333334458
10.83333333333333570
1
