477921
40.87807733390301479
40.99745353556932059
37.83821405682546413
17.31960692159794846
22.24599017303994586
16.60146977141636171
41.78702841273231883
34.70529374065370121
17.44650288399914473
38.18036317026276549
0
11.45454545454536799
6.81818181818183966
42.27272727272724495
17.81818181818176328
58.09090909090916455
8.81818181818176683
39.18181818181827225
36.63636363636366866
61.99999999999994316
24.90909090909094203
1
11.45454545454536799
6.81818181818183966
42.27272727272724495
17.81818181818176328
58.09090909090916455
8.81818181818176683
39.18181818181827225
36.63636363636366866
61.99999999999994316
24.90909090909094203
1
11.45454545454536799
6.81818181818183966
42.27272727272724495
17.81818181818176328
58.09090909090916455
8.81818181818176683
39.18181818181827225
36.63636363636366866
61.99999999999994316
24.90909090909094203
1
