473484
17.20187994018372279
7.68767357402264739
19.85302285836359815
14.51911984618671347
11.95171971800897381
11.61204870754112584
10.99124118778039083
18.06836146122623887
15.31211279641102507
12.80281991027558419
0
10.99999999999998401
8.18750000000001421
20.56250000000001421
8.37499999999998934
12.24999999999998224
28.50000000000001421
6.06249999999998401
26.68750000000002132
18.37499999999999645
0.00000000000000000
1
10.99999999999998401
8.18750000000001421
20.56250000000001421
8.37499999999998934
12.24999999999998224
28.50000000000001421
6.06249999999998401
26.68750000000002132
18.37499999999999645
0.00000000000000000
1
10.99999999999998401
8.18750000000001421
20.56250000000001421
8.37499999999998934
12.24999999999998224
28.50000000000001421
6.06249999999998401
26.68750000000002132
18.37499999999999645
0.00000000000000000
1
