490906
7.85930071921953921
19.14065085807875732
7.64715231788079475
16.82177312540055070
11.84465997294025463
8.18031474756106114
12.75785515915402613
15.40731752474542482
12.64340667948444086
18.79890051983194255
12.22309762871181427
12.50303781243324153
14.79599515772982876
13.87322936694438624
11.50330840988392822
0
8.93750000000004974
11.75000000000009059
26.87499999999993605
16.99999999999999645
19.81249999999996447
4.49999999999987388
13.99999999999986855
8.24999999999996447
15.24999999999996447
29.50000000000004619
4.87499999999998490
19.50000000000000000
1.25000000000010369
8.87500000000007816
5.62500000000008438
0
8.93750000000004974
11.75000000000009059
25.56249999999970868
16.99999999999999645
19.81249999999996447
4.49999999999987388
13.99999999999986855
8.24999999999996447
15.24999999999996447
29.50000000000004619
4.87499999999998490
19.50000000000000000
1.25000000000010369
10.18750000000030553
5.62500000000008438
0
8.93750000000004974
11.75000000000009059
18.90624999999999289
16.99999999999999645
19.81249999999996447
4.49999999999987388
13.99999999999986855
8.24999999999996447
15.24999999999996447
29.50000000000004619
4.87499999999998490
19.50000000000000000
1.25000000000010369
16.84375000000002132
5.62500000000008438
1
