561312
4.30491436167146446
2.93197614130748097
3.08629807089110653
5.16776214551903568
7.00426838655422390
6.58029711464447686
5.74515199913191754
7.18840079619400285
5.99507824606735085
2.78412820486736345
2.73354072355995026
6.16761769124084935
6.58782501364855655
2.71968938939244476
5.00305171530978043
0
3.33333333333342940
1.28888888888887676
4.91111111111108745
3.53333333333333321
5.95555555555538163
2.62222222222237455
6.86666666666661829
6.91111111111114873
6.57777777777781836
11.51111111111116259
5.91111111111111143
0.00000000000000000
5.17777777777766168
5.57777777777769579
3.82222222222230279
0
3.33333333333342940
1.28888888888887676
4.91111111111108745
3.53333333333333321
6.62222222222218093
2.62222222222237455
6.86666666666661829
6.91111111111114873
6.57777777777781836
10.17777777777756398
5.91111111111111143
0.00000000000000000
6.51111111111126029
5.57777777777769579
3.15555555555550349
1
3.33333333333342940
1.28888888888887676
4.91111111111108745
3.53333333333333321
6.62222222222218093
2.62222222222237455
6.86666666666661829
6.91111111111114873
6.57777777777781836
10.17777777777756398
5.91111111111111143
0.00000000000000000
6.51111111111126029
5.57777777777769579
3.15555555555550349
1
