479531
37.21797601245155107
24.04329111606188718
25.66401623584703984
47.29153782769249403
41.75022186956388737
43.08493667409283034
35.49977172154911642
24.28002624591814751
30.76292672505874748
41.40529557176427744
0
36.94736842105270114
16.84210526315785117
40.10526315789475404
16.47368421052624754
53.57894736842102645
52.68421052631579471
30.21052631578942282
9.63157894736836617
45.21052631578952941
49.31578947368430477
1
36.94736842105270114
16.84210526315785117
40.10526315789475404
16.47368421052624754
53.57894736842102645
52.68421052631579471
30.21052631578942282
9.63157894736836617
45.21052631578952941
49.31578947368430477
1
36.94736842105270114
16.84210526315785117
40.10526315789475404
16.47368421052624754
53.57894736842102645
52.68421052631579471
30.21052631578942282
9.63157894736836617
45.21052631578952941
49.31578947368430477
1
