487390
36.36838418056106548
32.07617962516488319
30.74524708124366157
37.26025710148761050
43.78161497170255956
35.79072983319939283
50.41617616640048283
45.12630119056096589
34.93271211211822447
30.61088425685733938
19.55081365737208543
42.99659752528797441
21.96088069636456552
32.88235657148283053
25.50086503019636908
0
33.11881188118811536
69.23762376237620231
35.56435643564348936
64.35313531353135375
71.23762376237631599
19.78217821782170560
0.00000000000000000
47.00990099009893441
20.78217821782170560
27.22772277227723237
25.78217821782180508
25.22772277227736026
20.67326732673263123
34.66666666666666430
25.33663366336644884
0
33.11881188118811536
69.23762376237620231
35.56435643564348936
52.84653465346512746
71.23762376237631599
19.78217821782170560
0.00000000000000000
47.00990099009893441
20.78217821782170560
27.22772277227723237
25.78217821782180508
25.22772277227736026
20.67326732673263123
46.17326732673289058
25.33663366336644884
1
33.11881188118811536
69.23762376237620231
35.56435643564348936
52.84653465346512746
71.23762376237631599
19.78217821782170560
0.00000000000000000
47.00990099009893441
20.78217821782170560
27.22772277227723237
25.78217821782180508
25.22772277227736026
20.67326732673263123
46.17326732673289058
25.33663366336644884
1
