554000
26.51742912076174008
21.08747825556199729
52.32207403790398104
24.01391644032105432
38.37172154911954181
49.85775933103427349
35.82488479262672598
22.04163945432905081
28.94564043092135108
24.94228949858088740
27.00740379039887529
48.38577227088228483
26.61748710592974376
45.87503891109958687
35.18946501052888465
0
1.08000000000000007
36.15999999999997527
58.71999999999994913
38.40000000000001990
27.39999999999996305
28.03999999999998849
34.92000000000003723
35.32000000000004292
17.63999999999998280
59.71999999999994913
44.40000000000001990
18.15999999999996106
46.32000000000005713
23.71999999999995978
37.00000000000000000
0
1.08000000000000007
36.15999999999997527
58.71999999999994913
38.40000000000001990
27.39999999999996305
26.64000000000001123
36.32000000000001450
35.32000000000004292
17.63999999999998280
59.71999999999994913
44.40000000000001990
18.15999999999996106
46.32000000000005713
23.71999999999995978
37.00000000000000000
1
1.08000000000000007
36.15999999999997527
58.71999999999994913
38.40000000000001990
27.39999999999996305
26.64000000000001123
36.32000000000001450
35.32000000000004292
17.63999999999998280
59.71999999999994913
44.40000000000001990
18.15999999999996106
46.32000000000005713
23.71999999999995978
37.00000000000000000
1
