504656
45.54841205413305261
22.41748154477912536
58.08213602438767964
58.40672275290518911
55.06045364068862824
37.34159421911611076
30.53765122769181062
52.11304110165037429
46.81650088334129123
33.68724278830666208
50.34844460720982795
59.89899648358951367
36.32382227376459127
59.04901937247162635
30.36848102596446708
0
15.77142857142859889
68.61201499118168101
28.05714285714267220
32.88571428571416533
81.48571428571443676
67.65714285714282994
70.54285714285727238
46.75941358024692107
33.77142857142848698
53.71428571428577925
69.60000000000007958
33.60000000000015774
6.88571428571418220
46.71428571428572241
19.94285714285707911
0
15.77142857142859889
49.85714285714276173
28.05714285714267220
32.88571428571416533
81.48571428571443676
67.65714285714282994
70.54285714285727238
65.51428571428584746
33.77142857142848698
53.71428571428577925
69.60000000000007958
33.60000000000015774
6.88571428571418220
46.71428571428572241
19.94285714285707911
1
15.77142857142859889
49.85714285714276173
28.05714285714267220
32.88571428571416533
81.48571428571443676
67.65714285714282994
70.54285714285727238
65.51428571428584746
33.77142857142848698
53.71428571428577925
69.60000000000007958
33.60000000000015774
6.88571428571418220
46.71428571428572241
19.94285714285707911
1
