472218
18.60106814783165774
13.98178655354472255
11.55867793816949884
16.13901791436505917
22.05814386425366891
31.55117038483840375
25.64077272865993251
25.71395611438337170
27.32399060029908000
27.43141575365459417
0
15.15416666666664725
37.15416666666669698
9.62499999999998934
22.00000000000000000
20.56666666666667354
25.62500000000000711
10.68333333333329449
33.09583333333336697
22.00000000000000000
24.09583333333331367
0
10.00000000000000711
35.25000000000000000
8.00000000000001776
23.74999999999995737
27.50000000000002487
27.24999999999997868
0.00000000000000000
36.50000000000004974
25.74999999999994316
26.00000000000001066
1
10.00000000000000711
35.25000000000000000
8.00000000000001776
23.74999999999995737
27.50000000000002487
27.24999999999997868
0.00000000000000000
36.50000000000004974
25.74999999999994316
26.00000000000001066
1
