478343
16.34841151158178008
14.59289529099399196
13.33328959013642034
11.08010803552354595
15.01896420178838731
11.16398815881832540
6.09397869808038806
9.20807214575640387
9.39548631244850085
8.76480605487228104
0
0.50000000000000977
8.00000000000001776
11.09090909090908106
14.59090909090911126
9.27272727272726982
10.09090909090908106
24.27272727272726272
6.50000000000000888
19.18181818181815856
11.50000000000000000
0
0.50000000000000977
8.00000000000001776
11.09090909090908106
14.59090909090911126
0.00000000000000000
10.09090909090908106
24.27272727272726272
6.50000000000000888
19.18181818181815856
20.77272727272726982
1
0.50000000000000977
8.00000000000001776
11.09090909090908106
14.59090909090911126
0.00000000000000000
10.09090909090908106
24.27272727272726272
6.50000000000000888
19.18181818181815856
20.77272727272726982
1
