506234
47.35769361451053783
35.41455570136621844
35.63831741284422350
29.25250241604867085
45.92447116509496396
43.45391237118646188
32.39778883226009754
30.47229061759290403
18.20555884477268904
46.69214595985799576
41.89217037466556803
41.95413515630563239
22.26769453006582111
45.37137811415956890
47.70538488926867871
0
35.40000000000003411
53.00000000000004263
45.19999999999996732
49.40000000000002700
21.00000000000001421
50.59999999999994458
39.59999999999996589
2.80000000000003491
66.99999999999998579
33.20000000000000284
34.19999999999993179
37.19999999999995310
37.60000000000000142
28.40000000000004476
29.40000000000006253
0
35.40000000000003411
53.00000000000004263
45.19999999999996732
49.40000000000002700
21.00000000000001421
50.59999999999994458
39.59999999999996589
2.80000000000003491
66.29999999999999716
33.20000000000000284
34.19999999999993179
37.19999999999995310
38.29999999999999005
28.40000000000004476
29.40000000000006253
1
35.40000000000003411
53.00000000000004263
45.19999999999996732
49.40000000000002700
21.00000000000001421
50.59999999999994458
39.59999999999996589
2.80000000000003491
66.29999999999999716
33.20000000000000284
34.19999999999993179
37.19999999999995310
38.29999999999999005
28.40000000000004476
29.40000000000006253
1
