525015
32.00343801182082615
32.42340525528732087
41.36981271808017624
45.68967314676351066
48.15283628854232489
52.56387381613614451
33.43740511286761574
42.60484796695862286
63.16113935768709808
33.86151676992094650
60.88171188492487573
31.14001851456241354
66.11334330271309057
28.53594531083101415
67.06103254290393068
0
37.87005649717502109
30.01694915254237728
65.72316384180805926
60.23163841807918573
32.03389830508478298
52.19774011299436722
53.52542372881391231
0.32768361581904593
14.50847457627111758
53.36158192090395147
23.52542372881320176
67.54237288135598760
56.41242937853064632
78.18079096045245535
53.54237288135587391
0
37.87005649717502109
30.01694915254237728
65.72316384180805926
60.23163841807918573
32.03389830508478298
52.19774011299436722
54.00141242937863950
0.32768361581904593
14.50847457627111758
53.36158192090395147
23.04943502824847457
67.54237288135598760
55.46045197740119193
79.13276836158190974
53.54237288135587391
1
37.87005649717502109
30.01694915254237728
65.72316384180805926
60.23163841807918573
32.03389830508478298
52.19774011299436722
54.00141242937863950
0.32768361581904593
14.50847457627111758
53.36158192090395147
23.04943502824847457
67.54237288135598760
55.46045197740119193
79.13276836158190974
53.54237288135587391
1
