566343
29.67787862449686642
49.26749419300583810
28.62768178011074838
46.23078042610620741
31.33541822226291274
40.08424682014086216
49.46010057544344818
61.91343879173830089
36.31928410358660386
22.80731372688646630
61.56759083495251161
54.51707252893324096
58.19627619929265450
67.25158794586694455
53.74383522717639039
0
67.94915254237285751
55.22033898305087973
51.22033898305097210
13.98305084745751969
49.20338983050849180
40.96610169491525966
45.23728813559309714
57.91525423728835875
65.25423728813538560
45.49152542372870300
53.18644067796615360
39.98305084745771154
21.45762711864406214
57.22033898305087263
26.71186440677972840
0
67.94915254237285751
55.22033898305087973
51.22033898305097210
13.98305084745751969
49.20338983050849180
40.96610169491525966
45.23728813559309714
53.82203389830515761
69.34745762711858674
45.49152542372870300
53.18644067796615360
39.98305084745771154
21.45762711864406214
57.22033898305087263
26.71186440677972840
1
67.94915254237285751
55.22033898305087973
51.22033898305097210
13.98305084745751969
49.20338983050849180
40.96610169491525966
45.23728813559309714
53.82203389830515761
69.34745762711858674
45.49152542372870300
53.18644067796615360
39.98305084745771154
21.45762711864406214
57.22033898305087263
26.71186440677972840
1
