526781
20.16641648270787357
36.70681383370124706
27.18805003679175769
24.76597498160411703
45.04676968359086686
25.79378955114054150
20.70857983811626113
24.26001471670345566
27.34080941869021331
26.55317144959528974
42.64500367917586487
23.97568800588667770
24.71564385577630674
44.23793966151581714
19.89533480500367801
0
30.96969696969700081
40.77777777777763646
53.79292929292928704
11.50000000000015987
33.79292929292934389
19.46969696969688357
29.48484848484853416
20.29292929292932257
40.77777777777763646
12.80808080808082217
36.46969696969672015
34.79292929292934389
23.30808080808090921
22.63131313131311728
23.13131313131325939
1
30.96969696969700081
40.77777777777763646
53.79292929292928704
11.50000000000015987
33.79292929292934389
19.46969696969688357
29.48484848484853416
20.29292929292932257
40.77777777777763646
12.80808080808082217
36.46969696969672015
34.79292929292934389
23.30808080808090921
22.63131313131311728
23.13131313131325939
1
30.96969696969700081
40.77777777777763646
53.79292929292928704
11.50000000000015987
33.79292929292934389
19.46969696969688357
29.48484848484853416
20.29292929292932257
40.77777777777763646
12.80808080808082217
36.46969696969672015
34.79292929292934389
23.30808080808090921
22.63131313131311728
23.13131313131325939
1
