556156
39.80470541160991615
44.18018073739499840
47.67627131633113180
42.34685249047991817
28.39925887495209977
19.36743620783782660
35.45374255263594421
25.82340715421680599
39.15103962998001919
29.36545860842378275
34.33127584324336823
44.61119161215721363
32.02914666856559478
18.12853528109242163
21.33149761107889120
0
50.84489795918372579
40.10612244897947676
27.15102040816315210
37.02040816326532280
46.67346938775504839
20.47755102040818898
33.15102040816334750
29.43265306122463443
46.30204081632655999
31.23673469387757606
0.45714285714280800
58.80000000000002558
8.93469387755103206
38.95510204081630690
32.45714285714284131
1
50.84489795918372579
40.10612244897947676
27.15102040816315210
37.02040816326532280
46.67346938775504839
20.47755102040818898
33.15102040816334750
29.43265306122463443
46.30204081632655999
31.23673469387757606
0.45714285714280800
58.80000000000002558
8.93469387755103206
38.95510204081630690
32.45714285714284131
1
50.84489795918372579
40.10612244897947676
27.15102040816315210
37.02040816326532280
46.67346938775504839
20.47755102040818898
33.15102040816334750
29.43265306122463443
46.30204081632655999
31.23673469387757606
0.45714285714280800
58.80000000000002558
8.93469387755103206
38.95510204081630690
32.45714285714284131
1
