513390
24.01966151582045939
45.53262272679491218
65.10020393146220385
35.39083780090403053
34.75949122253758361
64.18856722379901214
50.19487438242405375
57.88758961421213911
49.29433827394093015
46.69263534111216529
26.22174287816672589
35.32145905602859415
53.48758961421212632
37.87459686744455212
56.03378955114055060
0
30.82142857142865822
72.00000000000032685
50.00000000000007816
28.46428571428576859
44.64285714285721696
36.10714285714258409
41.46428571428550924
27.64285714285706774
86.10714285714281857
47.17857142857152297
43.46428571428557319
55.64285714285738038
32.64285714285704643
44.82142857142844150
41.00000000000007816
0
30.82142857142865822
76.25000000000021316
54.24999999999996447
28.46428571428576859
44.64285714285721696
31.85714285714269778
37.21428571428562293
27.64285714285706774
81.85714285714293226
51.42857142857140929
39.21428571428568688
59.89285714285726669
28.39285714285716011
44.82142857142844150
45.24999999999996447
1
30.82142857142865822
76.25000000000021316
54.24999999999996447
28.46428571428576859
44.64285714285721696
31.85714285714269778
37.21428571428562293
27.64285714285706774
81.85714285714293226
51.42857142857140929
39.21428571428568688
59.89285714285726669
28.39285714285716011
44.82142857142844150
45.24999999999996447
1
