477062
9.83021698660237497
12.42077455977050171
6.25225135044404468
13.54497878963591440
8.11566270943326984
11.02805627613147266
12.51091402935880481
9.91972167119357984
13.37453901791436550
7.00288460951567071
0
11.31875000000007425
10.39374999999997051
16.35625000000003126
7.17500000000006910
7.35625000000001883
1.07499999999989981
9.57499999999992646
12.53749999999996945
12.53749999999997478
15.67500000000006999
0
12.62500000000000000
10.12499999999999645
16.62500000000000711
8.24999999999996803
7.62499999999999378
0.00000000000000000
8.00000000000002665
12.00000000000001954
11.50000000000002487
17.24999999999997158
0
13.08333333333337123
9.66666666666662522
16.62500000000000711
8.24999999999996803
7.62499999999999378
0.00000000000000000
7.54166666666665542
12.00000000000001954
11.50000000000002487
17.70833333333334281
1
