539265
10.07515555962469023
11.98660712166373266
6.67996527671810814
5.46901727008541805
8.60355506725940344
15.06141205752399870
14.90744821178489055
13.73994228610763635
5.81080423054360296
13.41221011654679707
7.43445200625290425
12.51941146749948430
11.88630702298721964
5.05663692807465548
14.35707537732746175
0
15.83076923076917630
12.78803418803419056
4.26153846153838511
1.73846153846142681
10.61538461538471623
21.52649572649568555
8.26495726495730665
10.30769230769237410
0.00000000000000000
15.08888888888886370
13.87350427350432902
10.30769230769229239
11.47692307692301306
8.56923076923083471
12.35042735042740780
0
15.40000000000009273
9.40000000000009095
2.79999999999993054
1.20000000000005080
12.19999999999989448
19.60000000000004050
4.99999999999993072
10.00000000000001421
0.00000000000000000
19.19999999999997442
15.79999999999997229
12.80000000000011973
7.40000000000000924
8.99999999999991829
17.19999999999996376
1
15.40000000000009273
9.40000000000009095
2.79999999999993054
1.20000000000005080
12.19999999999989448
19.60000000000004050
4.99999999999993072
10.00000000000001421
0.00000000000000000
19.19999999999997442
15.79999999999997229
12.80000000000011973
7.40000000000000924
8.99999999999991829
17.19999999999996376
1
