471000
34.06160100100711219
30.31993408001953227
21.96450331125827660
22.32911404766991126
26.45023590807824831
37.91459944456312314
41.62843348490859796
28.19628528702658343
28.08959257789849318
33.04570085757011810
0
35.00000000000001421
13.66666666666671759
25.33333333333331083
55.66666666666665719
17.66666666666667140
12.99999999999999289
35.66666666666663588
35.66666666666667140
39.33333333333329307
33.00000000000003553
0
35.00000000000001421
13.66666666666671759
25.33333333333331083
55.66666666666665719
17.66666666666667140
12.99999999999999289
35.66666666666663588
35.66666666666667140
36.00000000000003553
36.33333333333329307
0
35.00000000000001421
13.66666666666671759
25.33333333333331083
55.66666666666665719
17.66666666666667140
12.99999999999999289
35.66666666666663588
35.66666666666667140
30.16666666666666430
42.16666666666666430
1
