544625
29.38662882371491492
38.00441501103752984
21.46704509618416523
39.78492589088615006
42.24471775465153200
18.52475559760328139
27.52286345001576962
40.04888047934405648
30.30337432986439694
17.38189845474613904
43.09902239041311844
36.13402712078208623
16.84358246609902210
40.67328918322295550
23.58057395143487867
0
0.00000000000000000
35.00000000000009948
40.00000000000000711
13.00000000000001954
54.99999999999987921
7.99999999999998757
39.99999999999995737
17.50000000000000355
46.99999999999996447
39.00000000000022027
29.00000000000010303
36.99999999999975842
47.99999999999995737
27.50000000000001421
29.00000000000002842
0
2.10000000000011378
32.89999999999998437
42.10000000000012221
13.00000000000001954
57.09999999999999432
7.99999999999998757
39.99999999999995737
17.50000000000000355
44.89999999999984936
34.79999999999999005
26.89999999999998792
41.19999999999998863
47.99999999999995737
27.50000000000001421
29.00000000000002842
1
2.10000000000011378
32.89999999999998437
42.10000000000012221
13.00000000000001954
57.09999999999999432
7.99999999999998757
39.99999999999995737
17.50000000000000355
44.89999999999984936
34.79999999999999005
26.89999999999998792
41.19999999999998863
47.99999999999995737
27.50000000000001421
29.00000000000002842
1
