522968
11.75023651844843897
20.17096469008453496
13.60698263496810867
11.99908444471572011
21.33225501266518265
22.96926786095767170
24.65956602679525389
10.25550096133305011
23.06375316629535988
26.05761894589068106
15.19785149693288950
19.30027161473433495
23.74987029633472702
13.13620410779137515
12.75057222205267493
0
12.63749999999992824
39.91250000000002274
18.03750000000007248
9.83749999999993463
11.83750000000006608
15.63749999999987139
11.39999999999998259
16.23750000000002558
27.43750000000008171
24.87500000000011013
15.03749999999991616
17.07499999999997442
14.19999999999997797
17.83750000000004832
18.00000000000000000
0
12.63749999999992824
42.05625000000009095
18.03750000000007248
9.83749999999993463
11.83750000000006608
15.63749999999987139
11.39999999999998259
16.23750000000002558
27.43750000000008171
24.87500000000011013
15.03749999999991616
17.07499999999997442
14.19999999999997797
17.83750000000004832
15.85624999999993179
1
12.63749999999992824
42.05625000000009095
18.03750000000007248
9.83749999999993463
11.83750000000006608
15.63749999999987139
11.39999999999998259
16.23750000000002558
27.43750000000008171
24.87500000000011013
15.03749999999991616
17.07499999999997442
14.19999999999997797
17.83750000000004832
15.85624999999993179
1
