529937
12.11572713739772134
11.59370599824349135
13.00393580261984638
20.91152575592652951
17.20156960085180842
17.05303398066482856
10.55610312543446661
11.44044814735692839
21.13389989250703138
8.06061884755326474
15.95876433946077455
15.03320712234192236
15.37964713821154916
13.90416469144091671
7.65364841998894629
0
3.11999999999976652
6.91999999999990223
22.30000000000013216
33.14000000000015689
23.85999999999981114
9.34000000000000519
11.98000000000012655
13.25999999999990209
4.79999999999965610
8.32000000000016904
24.42000000000003723
12.35999999999998700
10.22000000000013920
7.98000000000019050
18.98000000000002174
0
3.37894736842101961
6.74736842105240076
22.51578947368451011
28.41052631578967436
20.94736842105209362
9.64210526315813432
11.50526315789449505
17.98947368421038107
2.18947368421006416
11.18947368421101274
27.07368421052650476
15.31578947368458188
10.26315789473701479
7.50526315789455989
16.32631578947355422
0
3.37894736842101961
6.74736842105240076
22.51578947368451011
21.07894736842130357
20.94736842105209362
9.64210526315813432
11.50526315789449505
25.32105263157875186
2.18947368421006416
11.18947368421101274
27.07368421052650476
15.31578947368458188
10.26315789473701479
7.50526315789455989
16.32631578947355422
1
