478765
21.77484969634083356
50.92732627338480711
46.01019623401593606
57.58824732200080376
37.54366588335825838
59.18779564806055049
29.67213660084842175
20.02848292489395376
45.05201269569994338
54.21528672139652372
0
11.66666666666668561
50.25000000000002842
46.50000000000004263
26.08333333333330728
49.08333333333330728
55.91666666666661456
72.83333333333328596
18.08333333333342097
78.00000000000002842
13.58333333333332149
0
11.66666666666668561
47.02500000000007674
49.72499999999999432
25.00833333333332575
48.00833333333332575
52.69166666666666288
76.05833333333323765
22.38333333333335418
79.07500000000001705
10.35833333333337336
1
11.66666666666668561
47.02500000000007674
49.72499999999999432
25.00833333333332575
48.00833333333332575
52.69166666666666288
76.05833333333323765
22.38333333333335418
79.07500000000001705
10.35833333333337336
1
