497828
3.66644435627986143
3.71224043159954320
2.40183870628647433
2.68645839479422044
2.83577528882378260
3.22024543663509721
3.07568332638189457
2.26470073210513290
1.71998602930455102
3.72266758900384209
1.80206861239119309
2.95614639389901113
2.65417591547051090
2.83310593652828180
1.44846285049660417
0
3.77235772357713328
2.21951219512194475
3.95934959349601590
3.22764227642270685
1.02439024390243927
2.50406504065027269
1.82926829268313051
1.43089430894305569
1.26016260162600058
4.76422764227646933
4.25203252032526713
2.11382113821136519
4.08130081300813696
1.04878048780478750
3.51219512195127370
0
3.77235772357713328
2.16260162601647599
3.95934959349601590
3.22764227642270685
1.02439024390243927
2.50406504065027269
1.88617886178859928
1.43089430894305569
1.31707317073146934
4.70731707317100057
4.25203252032526713
2.11382113821136519
4.02439024390266820
1.04878048780478750
3.56910569105674247
0
3.77235772357713328
1.86585365853661633
3.95934959349601590
3.22764227642270685
1.02439024390243927
2.50406504065027269
2.18292682926845893
1.43089430894305569
1.61382113821132900
4.41056910569114091
4.25203252032526713
2.11382113821136519
3.72764227642280854
1.04878048780478750
3.86585365853660212
1
