479078
4.46019165623950897
1.98279061250648514
3.81445051423688497
2.96124454481643129
2.57515488143559068
2.13349101229895943
2.06894436475722543
2.49760734885708180
4.80608844264046198
2.70003662221137120
0
0.00000000000000000
0.85714285714279759
2.85714285714281635
3.85714285714289273
9.71428571428580412
5.85714285714289318
0.00000000000000000
6.71428571428570908
0.14285714285708873
0.00000000000000000
1
0.00000000000000000
0.85714285714279759
2.85714285714281635
3.85714285714289273
9.71428571428580412
5.85714285714289318
0.00000000000000000
6.71428571428570908
0.14285714285708873
0.00000000000000000
1
0.00000000000000000
0.85714285714279759
2.85714285714281635
3.85714285714289273
9.71428571428580412
5.85714285714289318
0.00000000000000000
6.71428571428570908
0.14285714285708873
0.00000000000000000
1
