468953
40.03033539841914035
52.58098696859644861
19.05259559923092993
39.70262764366587760
38.02631916257210065
55.03157444990385727
26.72206793420209081
31.43106173894466693
21.26212347788933599
40.16030762657551634
0
26.20000000000000995
36.39999999999999858
44.59999999999998721
40.73333333333331296
16.53333333333335986
43.73333333333331296
52.40000000000001990
36.39999999999999858
30.59999999999998721
36.39999999999999858
0
33.45454545454538930
17.81818181818189117
34.36363636363635976
33.18181818181815856
31.63636363636366156
36.18181818181815856
63.72727272727274794
46.63636363636362603
19.27272727272725916
47.72727272727271952
0
37.95454545454544615
13.31818181818183433
34.36363636363635976
33.18181818181815856
31.63636363636366156
36.18181818181815856
63.72727272727274794
46.63636363636362603
19.27272727272725916
47.72727272727271952
1
