474015
30.91702017273476955
52.60694601275674387
57.90339671010467981
21.40185552537614200
55.98924527726066458
28.33070467238380274
59.82260200811792572
24.03239234595782747
56.32280037842951970
26.67303689687796009
0
1.22727272727272441
26.82727272727280621
44.27272727272735864
67.95454545454546746
20.45454545454541773
45.50000000000005684
41.39999999999999858
68.18181818181808751
58.45454545454536088
39.72727272727267689
0
1.22727272727272441
26.82727272727280621
44.27272727272735864
67.95454545454546746
20.45454545454541773
45.50000000000005684
41.39999999999999858
68.18181818181808751
58.45454545454536088
39.72727272727267689
0
1.22727272727272441
34.72727272727272663
44.27272727272735864
67.95454545454546746
20.45454545454541773
45.50000000000005684
33.50000000000007816
68.18181818181808751
58.45454545454536088
39.72727272727267689
1
