469265
14.87078768272957419
19.79788506729331132
11.13556016724143127
10.61627552110354777
12.62813501388592208
14.71243324076051984
17.75865047151096832
10.85212256233405625
10.39516891994994907
15.23298135319070923
0
0.00000000000000000
18.64285714285714235
25.78571428571429536
12.14285714285715123
0.00000000000000000
26.14285714285714946
6.49999999999998579
16.64285714285715301
17.64285714285714235
14.49999999999998579
1
0.00000000000000000
18.64285714285714235
25.78571428571429536
12.14285714285715123
0.00000000000000000
26.14285714285714946
6.49999999999998579
16.64285714285715301
17.64285714285714235
14.49999999999998579
1
0.00000000000000000
18.64285714285714235
25.78571428571429536
12.14285714285715123
0.00000000000000000
26.14285714285714946
6.49999999999998579
16.64285714285715301
17.64285714285714235
14.49999999999998579
1
